tensor([[[-8.4375e+00, -1.0125e+01, -1.0625e+01,  ...,  0.0000e+00,
           0.0000e+00,  0.0000e+00],
         [-1.2438e+01, -1.0812e+01, -1.1375e+01,  ...,  0.0000e+00,
           0.0000e+00,  0.0000e+00],
         [-1.3438e+01, -1.0750e+01, -1.1062e+01,  ...,  0.0000e+00,
           0.0000e+00,  0.0000e+00],
         ...,
         [ 0.0000e+00,  0.0000e+00,  0.0000e+00,  ...,  0.0000e+00,
           0.0000e+00,  0.0000e+00],
         [ 0.0000e+00,  0.0000e+00,  0.0000e+00,  ...,  0.0000e+00,
           0.0000e+00,  0.0000e+00],
         [ 0.0000e+00,  0.0000e+00,  0.0000e+00,  ...,  0.0000e+00,
           0.0000e+00,  0.0000e+00]],

        [[ 3.6750e+01,  3.7750e+01,  3.7250e+01,  ...,  0.0000e+00,
           0.0000e+00,  0.0000e+00],
         [ 1.0688e+01,  1.2188e+01,  1.1562e+01,  ...,  0.0000e+00,
           0.0000e+00,  0.0000e+00],
         [ 9.7500e+00,  1.2000e+01,  1.3500e+01,  ...,  0.0000e+00,
           0.0000e+00,  0.0000e+00],
         ...,
         [ 0.0000e+00,  0.0000e+00,  0.0000e+00,  ...,  0.0000e+00,
           0.0000e+00,  0.0000e+00],
         [ 0.0000e+00,  0.0000e+00,  0.0000e+00,  ...,  0.0000e+00,
           0.0000e+00,  0.0000e+00],
         [ 0.0000e+00,  0.0000e+00,  0.0000e+00,  ...,  0.0000e+00,
           0.0000e+00,  0.0000e+00]],

        [[ 3.8750e+01,  1.5039e-01,  1.1875e+00,  ...,  0.0000e+00,
           0.0000e+00,  0.0000e+00],
         [ 3.9000e+01, -9.5703e-01,  1.1484e+00,  ...,  0.0000e+00,
           0.0000e+00,  0.0000e+00],
         [ 3.8500e+01,  8.3594e-01, -1.0469e+00,  ...,  0.0000e+00,
           0.0000e+00,  0.0000e+00],
         ...,
         [ 0.0000e+00,  0.0000e+00,  0.0000e+00,  ...,  0.0000e+00,
           0.0000e+00,  0.0000e+00],
         [ 0.0000e+00,  0.0000e+00,  0.0000e+00,  ...,  0.0000e+00,
           0.0000e+00,  0.0000e+00],
         [ 0.0000e+00,  0.0000e+00,  0.0000e+00,  ...,  0.0000e+00,
           0.0000e+00,  0.0000e+00]],

        ...,

        [[ 5.3750e+01,  5.2500e+01,  5.3250e+01,  ...,  0.0000e+00,
           0.0000e+00,  0.0000e+00],
         [ 3.3000e+01,  3.3500e+01,  3.2250e+01,  ...,  0.0000e+00,
           0.0000e+00,  0.0000e+00],
         [ 3.1750e+01,  3.4250e+01,  3.3250e+01,  ...,  0.0000e+00,
           0.0000e+00,  0.0000e+00],
         ...,
         [ 0.0000e+00,  0.0000e+00,  0.0000e+00,  ...,  0.0000e+00,
           0.0000e+00,  0.0000e+00],
         [ 0.0000e+00,  0.0000e+00,  0.0000e+00,  ...,  0.0000e+00,
           0.0000e+00,  0.0000e+00],
         [ 0.0000e+00,  0.0000e+00,  0.0000e+00,  ...,  0.0000e+00,
           0.0000e+00,  0.0000e+00]],

        [[ 4.3000e+01,  2.0750e+01,  2.0250e+01,  ...,  0.0000e+00,
           0.0000e+00,  0.0000e+00],
         [ 3.9000e+01,  2.2250e+01,  2.0125e+01,  ...,  0.0000e+00,
           0.0000e+00,  0.0000e+00],
         [ 4.0500e+01,  2.2875e+01,  2.1625e+01,  ...,  0.0000e+00,
           0.0000e+00,  0.0000e+00],
         ...,
         [ 0.0000e+00,  0.0000e+00,  0.0000e+00,  ...,  0.0000e+00,
           0.0000e+00,  0.0000e+00],
         [ 0.0000e+00,  0.0000e+00,  0.0000e+00,  ...,  0.0000e+00,
           0.0000e+00,  0.0000e+00],
         [ 0.0000e+00,  0.0000e+00,  0.0000e+00,  ...,  0.0000e+00,
           0.0000e+00,  0.0000e+00]],

        [[ 8.0000e+00,  6.8125e+00,  6.7188e+00,  ...,  0.0000e+00,
           0.0000e+00,  0.0000e+00],
         [-2.5781e-01,  4.9316e-02, -8.9062e-01,  ...,  0.0000e+00,
           0.0000e+00,  0.0000e+00],
         [-3.1250e+00,  5.7031e-01,  3.1641e-01,  ...,  0.0000e+00,
           0.0000e+00,  0.0000e+00],
         ...,
         [ 0.0000e+00,  0.0000e+00,  0.0000e+00,  ...,  0.0000e+00,
           0.0000e+00,  0.0000e+00],
         [ 0.0000e+00,  0.0000e+00,  0.0000e+00,  ...,  0.0000e+00,
           0.0000e+00,  0.0000e+00],
         [ 0.0000e+00,  0.0000e+00,  0.0000e+00,  ...,  0.0000e+00,
           0.0000e+00,  0.0000e+00]]])
tensor([[[  0.0000,   0.0000,   0.0000,  ...,   0.0000,   0.0000,   0.0000],
         [  0.0000,   0.0000,   0.0000,  ...,   0.0000,   0.0000,   0.0000],
         [  0.0000,   0.0000,   0.0000,  ...,   0.0000,   0.0000,   0.0000],
         ...,
         [-15.8750, -20.0000, -17.5000,  ...,   0.0000,   0.0000,   0.0000],
         [-15.0000, -15.0000, -17.6250,  ...,   0.0000,   0.0000,   0.0000],
         [ -9.7500,  -8.0000, -11.6250,  ...,   0.0000,   0.0000,   0.0000]],

        [[  0.0000,   0.0000,   0.0000,  ...,   0.0000,   0.0000,   0.0000],
         [  0.0000,   0.0000,   0.0000,  ...,   0.0000,   0.0000,   0.0000],
         [  0.0000,   0.0000,   0.0000,  ...,   0.0000,   0.0000,   0.0000],
         ...,
         [-31.7500, -33.7500, -34.0000,  ...,   0.0000,   0.0000,   0.0000],
         [-23.5000, -25.0000, -28.5000,  ...,   0.0000,   0.0000,   0.0000],
         [-22.7500, -25.0000, -29.6250,  ...,   0.0000,   0.0000,   0.0000]],

        [[  0.0000,   0.0000,   0.0000,  ...,   0.0000,   0.0000,   0.0000],
         [  0.0000,   0.0000,   0.0000,  ...,   0.0000,   0.0000,   0.0000],
         [  0.0000,   0.0000,   0.0000,  ...,   0.0000,   0.0000,   0.0000],
         ...,
         [ 33.5000,   7.3750,   8.2500,  ...,   0.0000,   0.0000,   0.0000],
         [ 27.1250,   3.3906,   1.6797,  ...,   0.0000,   0.0000,   0.0000],
         [ 38.2500,  27.1250,  33.5000,  ...,   0.0000,   0.0000,   0.0000]],

        ...,

        [[  0.0000,   0.0000,   0.0000,  ...,   0.0000,   0.0000,   0.0000],
         [  0.0000,   0.0000,   0.0000,  ...,   0.0000,   0.0000,   0.0000],
         [  0.0000,   0.0000,   0.0000,  ...,   0.0000,   0.0000,   0.0000],
         ...,
         [ 39.2500,  36.2500,  40.7500,  ...,   0.0000,   0.0000,   0.0000],
         [ 29.0000,  26.8750,  29.6250,  ...,   0.0000,   0.0000,   0.0000],
         [ 26.1250,  28.5000,  30.7500,  ...,   0.0000,   0.0000,   0.0000]],

        [[  0.0000,   0.0000,   0.0000,  ...,   0.0000,   0.0000,   0.0000],
         [  0.0000,   0.0000,   0.0000,  ...,   0.0000,   0.0000,   0.0000],
         [  0.0000,   0.0000,   0.0000,  ...,   0.0000,   0.0000,   0.0000],
         ...,
         [ 11.0625,   8.9375,  10.4375,  ...,   0.0000,   0.0000,   0.0000],
         [  7.1875,   4.0938,   2.1406,  ...,   0.0000,   0.0000,   0.0000],
         [ 14.9375,  18.8750,  17.6250,  ...,   0.0000,   0.0000,   0.0000]],

        [[  0.0000,   0.0000,   0.0000,  ...,   0.0000,   0.0000,   0.0000],
         [  0.0000,   0.0000,   0.0000,  ...,   0.0000,   0.0000,   0.0000],
         [  0.0000,   0.0000,   0.0000,  ...,   0.0000,   0.0000,   0.0000],
         ...,
         [  6.9375,   2.2812,   5.9062,  ...,   0.0000,   0.0000,   0.0000],
         [  5.2812,  -0.5781,   0.6523,  ...,   0.0000,   0.0000,   0.0000],
         [  4.8125,   8.4375,   7.6250,  ...,   0.0000,   0.0000,   0.0000]]])
tensor([[[0., 0., 0.,  ..., 0., 0., 0.],
         [0., 0., 0.,  ..., 0., 0., 0.],
         [0., 0., 0.,  ..., 0., 0., 0.],
         ...,
         [0., 0., 0.,  ..., 0., 0., 0.],
         [0., 0., 0.,  ..., 0., 0., 0.],
         [0., 0., 0.,  ..., 0., 0., 0.]],

        [[0., 0., 0.,  ..., 0., 0., 0.],
         [0., 0., 0.,  ..., 0., 0., 0.],
         [0., 0., 0.,  ..., 0., 0., 0.],
         ...,
         [0., 0., 0.,  ..., 0., 0., 0.],
         [0., 0., 0.,  ..., 0., 0., 0.],
         [0., 0., 0.,  ..., 0., 0., 0.]],

        [[0., 0., 0.,  ..., 0., 0., 0.],
         [0., 0., 0.,  ..., 0., 0., 0.],
         [0., 0., 0.,  ..., 0., 0., 0.],
         ...,
         [0., 0., 0.,  ..., 0., 0., 0.],
         [0., 0., 0.,  ..., 0., 0., 0.],
         [0., 0., 0.,  ..., 0., 0., 0.]],

        ...,

        [[0., 0., 0.,  ..., 0., 0., 0.],
         [0., 0., 0.,  ..., 0., 0., 0.],
         [0., 0., 0.,  ..., 0., 0., 0.],
         ...,
         [0., 0., 0.,  ..., 0., 0., 0.],
         [0., 0., 0.,  ..., 0., 0., 0.],
         [0., 0., 0.,  ..., 0., 0., 0.]],

        [[0., 0., 0.,  ..., 0., 0., 0.],
         [0., 0., 0.,  ..., 0., 0., 0.],
         [0., 0., 0.,  ..., 0., 0., 0.],
         ...,
         [0., 0., 0.,  ..., 0., 0., 0.],
         [0., 0., 0.,  ..., 0., 0., 0.],
         [0., 0., 0.,  ..., 0., 0., 0.]],

        [[0., 0., 0.,  ..., 0., 0., 0.],
         [0., 0., 0.,  ..., 0., 0., 0.],
         [0., 0., 0.,  ..., 0., 0., 0.],
         ...,
         [0., 0., 0.,  ..., 0., 0., 0.],
         [0., 0., 0.,  ..., 0., 0., 0.],
         [0., 0., 0.,  ..., 0., 0., 0.]]])
tensor([[[0., 0., 0.,  ..., 0., 0., 0.],
         [0., 0., 0.,  ..., 0., 0., 0.],
         [0., 0., 0.,  ..., 0., 0., 0.],
         ...,
         [0., 0., 0.,  ..., 0., 0., 0.],
         [0., 0., 0.,  ..., 0., 0., 0.],
         [0., 0., 0.,  ..., 0., 0., 0.]],

        [[0., 0., 0.,  ..., 0., 0., 0.],
         [0., 0., 0.,  ..., 0., 0., 0.],
         [0., 0., 0.,  ..., 0., 0., 0.],
         ...,
         [0., 0., 0.,  ..., 0., 0., 0.],
         [0., 0., 0.,  ..., 0., 0., 0.],
         [0., 0., 0.,  ..., 0., 0., 0.]],

        [[0., 0., 0.,  ..., 0., 0., 0.],
         [0., 0., 0.,  ..., 0., 0., 0.],
         [0., 0., 0.,  ..., 0., 0., 0.],
         ...,
         [0., 0., 0.,  ..., 0., 0., 0.],
         [0., 0., 0.,  ..., 0., 0., 0.],
         [0., 0., 0.,  ..., 0., 0., 0.]],

        ...,

        [[0., 0., 0.,  ..., 0., 0., 0.],
         [0., 0., 0.,  ..., 0., 0., 0.],
         [0., 0., 0.,  ..., 0., 0., 0.],
         ...,
         [0., 0., 0.,  ..., 0., 0., 0.],
         [0., 0., 0.,  ..., 0., 0., 0.],
         [0., 0., 0.,  ..., 0., 0., 0.]],

        [[0., 0., 0.,  ..., 0., 0., 0.],
         [0., 0., 0.,  ..., 0., 0., 0.],
         [0., 0., 0.,  ..., 0., 0., 0.],
         ...,
         [0., 0., 0.,  ..., 0., 0., 0.],
         [0., 0., 0.,  ..., 0., 0., 0.],
         [0., 0., 0.,  ..., 0., 0., 0.]],

        [[0., 0., 0.,  ..., 0., 0., 0.],
         [0., 0., 0.,  ..., 0., 0., 0.],
         [0., 0., 0.,  ..., 0., 0., 0.],
         ...,
         [0., 0., 0.,  ..., 0., 0., 0.],
         [0., 0., 0.,  ..., 0., 0., 0.],
         [0., 0., 0.,  ..., 0., 0., 0.]]])
tensor([[[  0.0000,   0.0000,   0.0000,  ...,   0.0000,   0.0000,   0.0000],
         [  0.0000,   0.0000,   0.0000,  ...,   0.0000,   0.0000,   0.0000],
         [  0.0000,   0.0000,   0.0000,  ...,   0.0000,   0.0000,   0.0000],
         ...,
         [-15.9375, -14.1250, -12.8125,  ..., -12.3125,   0.4082,  18.2500],
         [-16.1250,  -9.1250,   0.7305,  ...,   2.3906,   0.1553,  25.3750],
         [ -8.6875,  -5.3750,  -3.1406,  ...,   8.8750, -15.5000,  36.5000]],

        [[  0.0000,   0.0000,   0.0000,  ...,   0.0000,   0.0000,   0.0000],
         [  0.0000,   0.0000,   0.0000,  ...,   0.0000,   0.0000,   0.0000],
         [  0.0000,   0.0000,   0.0000,  ...,   0.0000,   0.0000,   0.0000],
         ...,
         [-19.6250, -17.5000, -17.5000,  ..., -23.3750, -10.0625,   4.8750],
         [-23.2500, -18.7500, -15.8750,  ...,  -5.9688, -10.0625,  13.1875],
         [-22.2500, -27.2500, -11.7500,  ..., -13.3125, -16.0000,  13.9375]],

        [[  0.0000,   0.0000,   0.0000,  ...,   0.0000,   0.0000,   0.0000],
         [  0.0000,   0.0000,   0.0000,  ...,   0.0000,   0.0000,   0.0000],
         [  0.0000,   0.0000,   0.0000,  ...,   0.0000,   0.0000,   0.0000],
         ...,
         [ 34.5000,   7.0938,   9.3125,  ...,   7.9375,   1.6562,   2.6250],
         [ 29.5000,   5.0312,  10.3125,  ...,   6.3438,   2.7969,   8.7500],
         [ 38.2500,  18.2500,  16.6250,  ...,   9.7500,  42.5000,  38.7500]],

        ...,

        [[  0.0000,   0.0000,   0.0000,  ...,   0.0000,   0.0000,   0.0000],
         [  0.0000,   0.0000,   0.0000,  ...,   0.0000,   0.0000,   0.0000],
         [  0.0000,   0.0000,   0.0000,  ...,   0.0000,   0.0000,   0.0000],
         ...,
         [ 32.7500,  36.7500,  36.5000,  ...,  25.2500,  31.2500,  30.6250],
         [ 33.5000,  35.5000,  35.5000,  ...,  32.5000,  28.8750,  49.2500],
         [ 29.6250,  34.0000,  38.5000,  ...,  33.0000,  17.3750,  54.0000]],

        [[  0.0000,   0.0000,   0.0000,  ...,   0.0000,   0.0000,   0.0000],
         [  0.0000,   0.0000,   0.0000,  ...,   0.0000,   0.0000,   0.0000],
         [  0.0000,   0.0000,   0.0000,  ...,   0.0000,   0.0000,   0.0000],
         ...,
         [  7.8438,  12.1250,  12.3125,  ...,  11.1250,  16.5000,  33.7500],
         [ 11.1250,  16.5000,  14.8125,  ...,   5.3438,   9.1875,  42.2500],
         [ 13.3750,  24.0000,  31.8750,  ...,  30.3750,  12.9375,  55.2500]],

        [[  0.0000,   0.0000,   0.0000,  ...,   0.0000,   0.0000,   0.0000],
         [  0.0000,   0.0000,   0.0000,  ...,   0.0000,   0.0000,   0.0000],
         [  0.0000,   0.0000,   0.0000,  ...,   0.0000,   0.0000,   0.0000],
         ...,
         [  9.1250,   6.7812,   5.4375,  ...,   1.6562,  19.5000,  17.7500],
         [  3.1719,   2.7969,   6.9688,  ...,   9.2500,  20.2500,  25.5000],
         [  7.6562,   8.5000,  18.0000,  ...,  22.2500,  -7.2812,  51.2500]]])
tensor([[[ 0.0000,  0.0000,  0.0000,  ...,  0.0000,  0.0000,  0.0000],
         [ 0.0000,  0.0000,  0.0000,  ...,  0.0000,  0.0000,  0.0000],
         [ 0.0000,  0.0000,  0.0000,  ...,  0.0000,  0.0000,  0.0000],
         ...,
         [ 0.0000,  0.0000,  0.0000,  ..., 18.5000,  0.0825, 51.5000],
         [ 0.0000,  0.0000,  0.0000,  ..., 13.6875,  5.7188, 53.5000],
         [ 0.0000,  0.0000,  0.0000,  ..., 14.5625, 19.2500, 30.6250]],

        [[ 0.0000,  0.0000,  0.0000,  ...,  0.0000,  0.0000,  0.0000],
         [ 0.0000,  0.0000,  0.0000,  ...,  0.0000,  0.0000,  0.0000],
         [ 0.0000,  0.0000,  0.0000,  ...,  0.0000,  0.0000,  0.0000],
         ...,
         [ 0.0000,  0.0000,  0.0000,  ..., 18.8750,  6.1875, 29.2500],
         [ 0.0000,  0.0000,  0.0000,  ..., 12.5000,  9.9375, 30.3750],
         [ 0.0000,  0.0000,  0.0000,  ..., 15.8125,  9.1875, 14.0625]],

        [[ 0.0000,  0.0000,  0.0000,  ...,  0.0000,  0.0000,  0.0000],
         [ 0.0000,  0.0000,  0.0000,  ...,  0.0000,  0.0000,  0.0000],
         [ 0.0000,  0.0000,  0.0000,  ...,  0.0000,  0.0000,  0.0000],
         ...,
         [ 0.0000,  0.0000,  0.0000,  ...,  1.6172,  5.1875,  5.7812],
         [ 0.0000,  0.0000,  0.0000,  ...,  0.1455,  2.9375,  4.9688],
         [ 0.0000,  0.0000,  0.0000,  ..., 21.1250, 26.1250, 15.8125]],

        ...,

        [[ 0.0000,  0.0000,  0.0000,  ...,  0.0000,  0.0000,  0.0000],
         [ 0.0000,  0.0000,  0.0000,  ...,  0.0000,  0.0000,  0.0000],
         [ 0.0000,  0.0000,  0.0000,  ...,  0.0000,  0.0000,  0.0000],
         ...,
         [ 0.0000,  0.0000,  0.0000,  ..., 11.6250, -4.4688, 23.3750],
         [ 0.0000,  0.0000,  0.0000,  ...,  7.3750, -1.4844, 20.8750],
         [ 0.0000,  0.0000,  0.0000,  ...,  1.3281,  5.2500,  4.2188]],

        [[ 0.0000,  0.0000,  0.0000,  ...,  0.0000,  0.0000,  0.0000],
         [ 0.0000,  0.0000,  0.0000,  ...,  0.0000,  0.0000,  0.0000],
         [ 0.0000,  0.0000,  0.0000,  ...,  0.0000,  0.0000,  0.0000],
         ...,
         [ 0.0000,  0.0000,  0.0000,  ..., -1.7578, -1.5391, 60.2500],
         [ 0.0000,  0.0000,  0.0000,  ...,  9.0000,  2.2969, 43.2500],
         [ 0.0000,  0.0000,  0.0000,  ..., 26.7500, 23.0000, 46.5000]],

        [[ 0.0000,  0.0000,  0.0000,  ...,  0.0000,  0.0000,  0.0000],
         [ 0.0000,  0.0000,  0.0000,  ...,  0.0000,  0.0000,  0.0000],
         [ 0.0000,  0.0000,  0.0000,  ...,  0.0000,  0.0000,  0.0000],
         ...,
         [ 0.0000,  0.0000,  0.0000,  ..., 14.5625, -4.3438, 43.5000],
         [ 0.0000,  0.0000,  0.0000,  ..., 12.8125, -4.0938, 47.2500],
         [ 0.0000,  0.0000,  0.0000,  ..., -2.7969, 10.0625, 41.5000]]])
tensor([[[0., 0., 0.,  ..., 0., 0., 0.],
         [0., 0., 0.,  ..., 0., 0., 0.],
         [0., 0., 0.,  ..., 0., 0., 0.],
         ...,
         [0., 0., 0.,  ..., 0., 0., 0.],
         [0., 0., 0.,  ..., 0., 0., 0.],
         [0., 0., 0.,  ..., 0., 0., 0.]],

        [[0., 0., 0.,  ..., 0., 0., 0.],
         [0., 0., 0.,  ..., 0., 0., 0.],
         [0., 0., 0.,  ..., 0., 0., 0.],
         ...,
         [0., 0., 0.,  ..., 0., 0., 0.],
         [0., 0., 0.,  ..., 0., 0., 0.],
         [0., 0., 0.,  ..., 0., 0., 0.]],

        [[0., 0., 0.,  ..., 0., 0., 0.],
         [0., 0., 0.,  ..., 0., 0., 0.],
         [0., 0., 0.,  ..., 0., 0., 0.],
         ...,
         [0., 0., 0.,  ..., 0., 0., 0.],
         [0., 0., 0.,  ..., 0., 0., 0.],
         [0., 0., 0.,  ..., 0., 0., 0.]],

        ...,

        [[0., 0., 0.,  ..., 0., 0., 0.],
         [0., 0., 0.,  ..., 0., 0., 0.],
         [0., 0., 0.,  ..., 0., 0., 0.],
         ...,
         [0., 0., 0.,  ..., 0., 0., 0.],
         [0., 0., 0.,  ..., 0., 0., 0.],
         [0., 0., 0.,  ..., 0., 0., 0.]],

        [[0., 0., 0.,  ..., 0., 0., 0.],
         [0., 0., 0.,  ..., 0., 0., 0.],
         [0., 0., 0.,  ..., 0., 0., 0.],
         ...,
         [0., 0., 0.,  ..., 0., 0., 0.],
         [0., 0., 0.,  ..., 0., 0., 0.],
         [0., 0., 0.,  ..., 0., 0., 0.]],

        [[0., 0., 0.,  ..., 0., 0., 0.],
         [0., 0., 0.,  ..., 0., 0., 0.],
         [0., 0., 0.,  ..., 0., 0., 0.],
         ...,
         [0., 0., 0.,  ..., 0., 0., 0.],
         [0., 0., 0.,  ..., 0., 0., 0.],
         [0., 0., 0.,  ..., 0., 0., 0.]]])
tensor([[[0., 0., 0.,  ..., 0., 0., 0.],
         [0., 0., 0.,  ..., 0., 0., 0.],
         [0., 0., 0.,  ..., 0., 0., 0.],
         ...,
         [0., 0., 0.,  ..., 0., 0., 0.],
         [0., 0., 0.,  ..., 0., 0., 0.],
         [0., 0., 0.,  ..., 0., 0., 0.]],

        [[0., 0., 0.,  ..., 0., 0., 0.],
         [0., 0., 0.,  ..., 0., 0., 0.],
         [0., 0., 0.,  ..., 0., 0., 0.],
         ...,
         [0., 0., 0.,  ..., 0., 0., 0.],
         [0., 0., 0.,  ..., 0., 0., 0.],
         [0., 0., 0.,  ..., 0., 0., 0.]],

        [[0., 0., 0.,  ..., 0., 0., 0.],
         [0., 0., 0.,  ..., 0., 0., 0.],
         [0., 0., 0.,  ..., 0., 0., 0.],
         ...,
         [0., 0., 0.,  ..., 0., 0., 0.],
         [0., 0., 0.,  ..., 0., 0., 0.],
         [0., 0., 0.,  ..., 0., 0., 0.]],

        ...,

        [[0., 0., 0.,  ..., 0., 0., 0.],
         [0., 0., 0.,  ..., 0., 0., 0.],
         [0., 0., 0.,  ..., 0., 0., 0.],
         ...,
         [0., 0., 0.,  ..., 0., 0., 0.],
         [0., 0., 0.,  ..., 0., 0., 0.],
         [0., 0., 0.,  ..., 0., 0., 0.]],

        [[0., 0., 0.,  ..., 0., 0., 0.],
         [0., 0., 0.,  ..., 0., 0., 0.],
         [0., 0., 0.,  ..., 0., 0., 0.],
         ...,
         [0., 0., 0.,  ..., 0., 0., 0.],
         [0., 0., 0.,  ..., 0., 0., 0.],
         [0., 0., 0.,  ..., 0., 0., 0.]],

        [[0., 0., 0.,  ..., 0., 0., 0.],
         [0., 0., 0.,  ..., 0., 0., 0.],
         [0., 0., 0.,  ..., 0., 0., 0.],
         ...,
         [0., 0., 0.,  ..., 0., 0., 0.],
         [0., 0., 0.,  ..., 0., 0., 0.],
         [0., 0., 0.,  ..., 0., 0., 0.]]])
