tensor([[[-0.0437, -0.3125, -0.2734,  ...,  0.0391,  0.0391, -0.0212],
         [ 0.1064, -0.0330, -0.0140,  ...,  0.3691,  0.3691,  0.4258],
         [ 0.0913, -0.0889, -0.0688,  ...,  0.3691,  0.3691,  0.4258],
         ...,
         [ 0.5039,  0.3691,  0.3691,  ...,  0.3691,  0.3691,  0.4258],
         [ 0.5039,  0.3691,  0.3691,  ...,  0.3691,  0.3691,  0.4258],
         [ 0.1777,  0.1328,  0.1328,  ...,  0.1328,  0.1328,  0.2969]],

        [[ 0.5469,  0.6055,  0.5742,  ...,  1.3125,  1.3125,  0.7852],
         [ 0.5078,  0.6055,  0.5547,  ...,  1.8750,  1.8750,  0.9844],
         [ 0.3672,  0.3965,  0.3340,  ...,  1.8750,  1.8750,  0.9844],
         ...,
         [ 1.5703,  1.8750,  1.8750,  ...,  1.8750,  1.8750,  0.9844],
         [ 1.5703,  1.8750,  1.8750,  ...,  1.8750,  1.8750,  0.9844],
         [ 1.2266,  1.4922,  1.4922,  ...,  1.4922,  1.4922,  0.7344]],

        [[-0.2207, -0.4023, -0.4316,  ...,  0.1729,  0.1729,  0.1260],
         [-0.5078, -0.8164, -0.8242,  ..., -0.5000, -0.5000, -0.3691],
         [-0.3496, -0.5781, -0.5781,  ..., -0.5000, -0.5000, -0.3691],
         ...,
         [-0.2324, -0.5000, -0.5000,  ..., -0.5000, -0.5000, -0.3691],
         [-0.2324, -0.5000, -0.5000,  ..., -0.5000, -0.5000, -0.3691],
         [-0.4492, -0.7695, -0.7695,  ..., -0.7695, -0.7695, -0.5469]],

        ...,

        [[ 0.0854,  0.0493,  0.0811,  ...,  0.1099,  0.1099,  0.1387],
         [ 0.1924,  0.0085,  0.0200,  ...,  0.5508,  0.5508,  0.4297],
         [ 0.0981, -0.1030, -0.0811,  ...,  0.5508,  0.5508,  0.4297],
         ...,
         [ 0.5469,  0.5508,  0.5508,  ...,  0.5508,  0.5508,  0.4297],
         [ 0.5469,  0.5508,  0.5508,  ...,  0.5508,  0.5508,  0.4297],
         [ 0.4785,  0.6523,  0.6523,  ...,  0.6523,  0.6523,  0.5273]],

        [[-0.1060, -0.0275, -0.0039,  ..., -0.4121, -0.4121, -0.1807],
         [-0.0884,  0.1211,  0.0684,  ..., -0.1875, -0.1875,  0.1895],
         [-0.0608,  0.0591, -0.0297,  ..., -0.1875, -0.1875,  0.1895],
         ...,
         [-0.6484, -0.1875, -0.1875,  ..., -0.1875, -0.1875,  0.1895],
         [-0.6484, -0.1875, -0.1875,  ..., -0.1875, -0.1875,  0.1895],
         [-0.3418,  0.2520,  0.2520,  ...,  0.2520,  0.2520,  0.4531]],

        [[ 0.2227,  0.0679,  0.1187,  ...,  0.5352,  0.5352,  0.0752],
         [ 0.3574,  0.0835,  0.1562,  ...,  0.9141,  0.9141,  0.0486],
         [ 0.1895, -0.0211,  0.0752,  ...,  0.9141,  0.9141,  0.0486],
         ...,
         [ 1.3359,  0.9141,  0.9141,  ...,  0.9141,  0.9141,  0.0486],
         [ 1.3359,  0.9141,  0.9141,  ...,  0.9141,  0.9141,  0.0486],
         [ 0.8594,  0.5195,  0.5195,  ...,  0.5195,  0.5195, -0.0361]]])
tensor([[[ 0.3262,  0.0391,  0.0391,  ...,  0.0391,  0.0391, -0.0212],
         [ 0.5039,  0.3691,  0.3691,  ...,  0.3691,  0.3691,  0.4258],
         [ 0.5039,  0.3691,  0.3691,  ...,  0.3691,  0.3691,  0.4258],
         ...,
         [ 0.0435, -0.0107,  0.0109,  ...,  0.3691,  0.3691,  0.4258],
         [ 0.1562,  0.0096, -0.0317,  ...,  0.3691,  0.3691,  0.4258],
         [ 0.1631,  0.1260,  0.1226,  ...,  0.1328,  0.1328,  0.2969]],

        [[ 1.1875,  1.3125,  1.3125,  ...,  1.3125,  1.3125,  0.7852],
         [ 1.5703,  1.8750,  1.8750,  ...,  1.8750,  1.8750,  0.9844],
         [ 1.5703,  1.8750,  1.8750,  ...,  1.8750,  1.8750,  0.9844],
         ...,
         [ 0.3789,  0.4277,  0.3555,  ...,  1.8750,  1.8750,  0.9844],
         [ 0.4551,  0.4023,  0.3008,  ...,  1.8750,  1.8750,  0.9844],
         [ 0.4492,  0.3867,  0.2793,  ...,  1.4922,  1.4922,  0.7344]],

        [[ 0.1904,  0.1729,  0.1729,  ...,  0.1729,  0.1729,  0.1260],
         [-0.2324, -0.5000, -0.5000,  ..., -0.5000, -0.5000, -0.3691],
         [-0.2324, -0.5000, -0.5000,  ..., -0.5000, -0.5000, -0.3691],
         ...,
         [-0.0510, -0.2100, -0.2246,  ..., -0.5000, -0.5000, -0.3691],
         [ 0.0732,  0.0096, -0.0030,  ..., -0.5000, -0.5000, -0.3691],
         [-0.0469, -0.1289, -0.0437,  ..., -0.7695, -0.7695, -0.5469]],

        ...,

        [[ 0.1426,  0.1099,  0.1099,  ...,  0.1099,  0.1099,  0.1387],
         [ 0.5469,  0.5508,  0.5508,  ...,  0.5508,  0.5508,  0.4297],
         [ 0.5469,  0.5508,  0.5508,  ...,  0.5508,  0.5508,  0.4297],
         ...,
         [-0.3398, -0.7227, -0.6797,  ...,  0.5508,  0.5508,  0.4297],
         [-0.0903, -0.4238, -0.4102,  ...,  0.5508,  0.5508,  0.4297],
         [ 0.1060,  0.0361, -0.0347,  ...,  0.6523,  0.6523,  0.5273]],

        [[-0.5234, -0.4121, -0.4121,  ..., -0.4121, -0.4121, -0.1807],
         [-0.6484, -0.1875, -0.1875,  ..., -0.1875, -0.1875,  0.1895],
         [-0.6484, -0.1875, -0.1875,  ..., -0.1875, -0.1875,  0.1895],
         ...,
         [-0.2432, -0.3008, -0.3145,  ..., -0.1875, -0.1875,  0.1895],
         [-0.3242, -0.2373, -0.3008,  ..., -0.1875, -0.1875,  0.1895],
         [-0.1348,  0.1680,  0.0369,  ...,  0.2520,  0.2520,  0.4531]],

        [[ 0.7617,  0.5352,  0.5352,  ...,  0.5352,  0.5352,  0.0752],
         [ 1.3359,  0.9141,  0.9141,  ...,  0.9141,  0.9141,  0.0486],
         [ 1.3359,  0.9141,  0.9141,  ...,  0.9141,  0.9141,  0.0486],
         ...,
         [ 0.0544, -0.1846, -0.1406,  ...,  0.9141,  0.9141,  0.0486],
         [ 0.2910, -0.0427,  0.0204,  ...,  0.9141,  0.9141,  0.0486],
         [ 0.2100, -0.0613, -0.0222,  ...,  0.5195,  0.5195, -0.0361]]])
tensor([[[ 0.3262,  0.0391,  0.0391,  ...,  0.0391,  0.0391, -0.0212],
         [ 0.5039,  0.3691,  0.3691,  ...,  0.3691,  0.3691,  0.4258],
         [ 0.5039,  0.3691,  0.3691,  ...,  0.3691,  0.3691,  0.4258],
         ...,
         [ 0.5039,  0.3691,  0.3691,  ...,  0.3691,  0.3691,  0.4258],
         [ 0.5039,  0.3691,  0.3691,  ...,  0.3691,  0.3691,  0.4258],
         [ 0.1777,  0.1328,  0.1328,  ...,  0.1328,  0.1328,  0.2969]],

        [[ 1.1875,  1.3125,  1.3125,  ...,  1.3125,  1.3125,  0.7852],
         [ 1.5703,  1.8750,  1.8750,  ...,  1.8750,  1.8750,  0.9844],
         [ 1.5703,  1.8750,  1.8750,  ...,  1.8750,  1.8750,  0.9844],
         ...,
         [ 1.5703,  1.8750,  1.8750,  ...,  1.8750,  1.8750,  0.9844],
         [ 1.5703,  1.8750,  1.8750,  ...,  1.8750,  1.8750,  0.9844],
         [ 1.2266,  1.4922,  1.4922,  ...,  1.4922,  1.4922,  0.7344]],

        [[ 0.1904,  0.1729,  0.1729,  ...,  0.1729,  0.1729,  0.1260],
         [-0.2324, -0.5000, -0.5000,  ..., -0.5000, -0.5000, -0.3691],
         [-0.2324, -0.5000, -0.5000,  ..., -0.5000, -0.5000, -0.3691],
         ...,
         [-0.2324, -0.5000, -0.5000,  ..., -0.5000, -0.5000, -0.3691],
         [-0.2324, -0.5000, -0.5000,  ..., -0.5000, -0.5000, -0.3691],
         [-0.4492, -0.7695, -0.7695,  ..., -0.7695, -0.7695, -0.5469]],

        ...,

        [[ 0.1426,  0.1099,  0.1099,  ...,  0.1099,  0.1099,  0.1387],
         [ 0.5469,  0.5508,  0.5508,  ...,  0.5508,  0.5508,  0.4297],
         [ 0.5469,  0.5508,  0.5508,  ...,  0.5508,  0.5508,  0.4297],
         ...,
         [ 0.5469,  0.5508,  0.5508,  ...,  0.5508,  0.5508,  0.4297],
         [ 0.5469,  0.5508,  0.5508,  ...,  0.5508,  0.5508,  0.4297],
         [ 0.4785,  0.6523,  0.6523,  ...,  0.6523,  0.6523,  0.5273]],

        [[-0.5234, -0.4121, -0.4121,  ..., -0.4121, -0.4121, -0.1807],
         [-0.6484, -0.1875, -0.1875,  ..., -0.1875, -0.1875,  0.1895],
         [-0.6484, -0.1875, -0.1875,  ..., -0.1875, -0.1875,  0.1895],
         ...,
         [-0.6484, -0.1875, -0.1875,  ..., -0.1875, -0.1875,  0.1895],
         [-0.6484, -0.1875, -0.1875,  ..., -0.1875, -0.1875,  0.1895],
         [-0.3418,  0.2520,  0.2520,  ...,  0.2520,  0.2520,  0.4531]],

        [[ 0.7617,  0.5352,  0.5352,  ...,  0.5352,  0.5352,  0.0752],
         [ 1.3359,  0.9141,  0.9141,  ...,  0.9141,  0.9141,  0.0486],
         [ 1.3359,  0.9141,  0.9141,  ...,  0.9141,  0.9141,  0.0486],
         ...,
         [ 1.3359,  0.9141,  0.9141,  ...,  0.9141,  0.9141,  0.0486],
         [ 1.3359,  0.9141,  0.9141,  ...,  0.9141,  0.9141,  0.0486],
         [ 0.8594,  0.5195,  0.5195,  ...,  0.5195,  0.5195, -0.0361]]])
tensor([[[ 0.3262,  0.0391,  0.0391,  ...,  0.0391,  0.0391, -0.0212],
         [ 0.5039,  0.3691,  0.3691,  ...,  0.3691,  0.3691,  0.4258],
         [ 0.5039,  0.3691,  0.3691,  ...,  0.3691,  0.3691,  0.4258],
         ...,
         [ 0.5039,  0.3691,  0.3691,  ...,  0.3691,  0.3691,  0.4258],
         [ 0.5039,  0.3691,  0.3691,  ...,  0.3691,  0.3691,  0.4258],
         [ 0.1777,  0.1328,  0.1328,  ...,  0.1328,  0.1328,  0.2969]],

        [[ 1.1875,  1.3125,  1.3125,  ...,  1.3125,  1.3125,  0.7852],
         [ 1.5703,  1.8750,  1.8750,  ...,  1.8750,  1.8750,  0.9844],
         [ 1.5703,  1.8750,  1.8750,  ...,  1.8750,  1.8750,  0.9844],
         ...,
         [ 1.5703,  1.8750,  1.8750,  ...,  1.8750,  1.8750,  0.9844],
         [ 1.5703,  1.8750,  1.8750,  ...,  1.8750,  1.8750,  0.9844],
         [ 1.2266,  1.4922,  1.4922,  ...,  1.4922,  1.4922,  0.7344]],

        [[ 0.1904,  0.1729,  0.1729,  ...,  0.1729,  0.1729,  0.1260],
         [-0.2324, -0.5000, -0.5000,  ..., -0.5000, -0.5000, -0.3691],
         [-0.2324, -0.5000, -0.5000,  ..., -0.5000, -0.5000, -0.3691],
         ...,
         [-0.2324, -0.5000, -0.5000,  ..., -0.5000, -0.5000, -0.3691],
         [-0.2324, -0.5000, -0.5000,  ..., -0.5000, -0.5000, -0.3691],
         [-0.4492, -0.7695, -0.7695,  ..., -0.7695, -0.7695, -0.5469]],

        ...,

        [[ 0.1426,  0.1099,  0.1099,  ...,  0.1099,  0.1099,  0.1387],
         [ 0.5469,  0.5508,  0.5508,  ...,  0.5508,  0.5508,  0.4297],
         [ 0.5469,  0.5508,  0.5508,  ...,  0.5508,  0.5508,  0.4297],
         ...,
         [ 0.5469,  0.5508,  0.5508,  ...,  0.5508,  0.5508,  0.4297],
         [ 0.5469,  0.5508,  0.5508,  ...,  0.5508,  0.5508,  0.4297],
         [ 0.4785,  0.6523,  0.6523,  ...,  0.6523,  0.6523,  0.5273]],

        [[-0.5234, -0.4121, -0.4121,  ..., -0.4121, -0.4121, -0.1807],
         [-0.6484, -0.1875, -0.1875,  ..., -0.1875, -0.1875,  0.1895],
         [-0.6484, -0.1875, -0.1875,  ..., -0.1875, -0.1875,  0.1895],
         ...,
         [-0.6484, -0.1875, -0.1875,  ..., -0.1875, -0.1875,  0.1895],
         [-0.6484, -0.1875, -0.1875,  ..., -0.1875, -0.1875,  0.1895],
         [-0.3418,  0.2520,  0.2520,  ...,  0.2520,  0.2520,  0.4531]],

        [[ 0.7617,  0.5352,  0.5352,  ...,  0.5352,  0.5352,  0.0752],
         [ 1.3359,  0.9141,  0.9141,  ...,  0.9141,  0.9141,  0.0486],
         [ 1.3359,  0.9141,  0.9141,  ...,  0.9141,  0.9141,  0.0486],
         ...,
         [ 1.3359,  0.9141,  0.9141,  ...,  0.9141,  0.9141,  0.0486],
         [ 1.3359,  0.9141,  0.9141,  ...,  0.9141,  0.9141,  0.0486],
         [ 0.8594,  0.5195,  0.5195,  ...,  0.5195,  0.5195, -0.0361]]])
tensor([[[ 0.3262,  0.0391,  0.0391,  ...,  0.0391,  0.0391, -0.0212],
         [ 0.5039,  0.3691,  0.3691,  ...,  0.3691,  0.3691,  0.4258],
         [ 0.5039,  0.3691,  0.3691,  ...,  0.3691,  0.3691,  0.4258],
         ...,
         [ 0.2656,  0.2178,  0.2246,  ...,  0.1235,  0.0549,  0.2227],
         [ 0.2734,  0.1621,  0.2695,  ...,  0.1338,  0.1641,  0.1357],
         [ 0.1699,  0.0659,  0.0879,  ...,  0.0520,  0.1445,  0.0996]],

        [[ 1.1875,  1.3125,  1.3125,  ...,  1.3125,  1.3125,  0.7852],
         [ 1.5703,  1.8750,  1.8750,  ...,  1.8750,  1.8750,  0.9844],
         [ 1.5703,  1.8750,  1.8750,  ...,  1.8750,  1.8750,  0.9844],
         ...,
         [ 0.5312,  0.5078,  0.4219,  ...,  0.4766,  0.8359,  0.4219],
         [ 0.4570,  0.5781,  0.5625,  ...,  0.8086,  0.9062,  0.4648],
         [ 0.4727,  0.5898,  0.6016,  ...,  0.7578,  0.7109,  0.3516]],

        [[ 0.1904,  0.1729,  0.1729,  ...,  0.1729,  0.1729,  0.1260],
         [-0.2324, -0.5000, -0.5000,  ..., -0.5000, -0.5000, -0.3691],
         [-0.2324, -0.5000, -0.5000,  ..., -0.5000, -0.5000, -0.3691],
         ...,
         [-0.1689, -0.2637, -0.1406,  ...,  0.0116, -0.0654, -0.1289],
         [ 0.0884,  0.0884,  0.1875,  ...,  0.0021, -0.0972, -0.1709],
         [-0.0306, -0.1396, -0.1069,  ..., -0.2949, -0.2988, -0.2988]],

        ...,

        [[ 0.1426,  0.1099,  0.1099,  ...,  0.1099,  0.1099,  0.1387],
         [ 0.5469,  0.5508,  0.5508,  ...,  0.5508,  0.5508,  0.4297],
         [ 0.5469,  0.5508,  0.5508,  ...,  0.5508,  0.5508,  0.4297],
         ...,
         [ 0.2422,  0.0603,  0.0282,  ..., -0.1021, -0.0776,  0.0070],
         [ 0.1060, -0.1309, -0.0928,  ...,  0.0933,  0.1533,  0.1445],
         [ 0.0874,  0.0620,  0.1089,  ...,  0.2471,  0.2969,  0.2041]],

        [[-0.5234, -0.4121, -0.4121,  ..., -0.4121, -0.4121, -0.1807],
         [-0.6484, -0.1875, -0.1875,  ..., -0.1875, -0.1875,  0.1895],
         [-0.6484, -0.1875, -0.1875,  ..., -0.1875, -0.1875,  0.1895],
         ...,
         [-0.1533,  0.0806, -0.0281,  ..., -0.2363, -0.4414, -0.1934],
         [-0.2363, -0.1816, -0.3730,  ..., -0.2383, -0.3281,  0.0588],
         [-0.1455,  0.0262, -0.1367,  ...,  0.0574,  0.0923,  0.2422]],

        [[ 0.7617,  0.5352,  0.5352,  ...,  0.5352,  0.5352,  0.0752],
         [ 1.3359,  0.9141,  0.9141,  ...,  0.9141,  0.9141,  0.0486],
         [ 1.3359,  0.9141,  0.9141,  ...,  0.9141,  0.9141,  0.0486],
         ...,
         [ 0.4258,  0.0806,  0.1797,  ...,  0.2373,  0.4844,  0.1367],
         [ 0.3984,  0.1582,  0.3008,  ...,  0.4473,  0.5508,  0.0525],
         [ 0.1904,  0.0679,  0.2295,  ...,  0.2617,  0.2656, -0.0674]]])
tensor([[[ 3.2617e-01,  3.9062e-02,  3.9062e-02,  ...,  3.9062e-02,
           3.9062e-02, -2.1240e-02],
         [ 5.0391e-01,  3.6914e-01,  3.6914e-01,  ...,  3.6914e-01,
           3.6914e-01,  4.2578e-01],
         [ 5.0391e-01,  3.6914e-01,  3.6914e-01,  ...,  3.6914e-01,
           3.6914e-01,  4.2578e-01],
         ...,
         [ 5.0391e-01,  3.6914e-01,  3.6914e-01,  ...,  9.6191e-02,
           1.1768e-01,  9.9121e-02],
         [ 5.0391e-01,  3.6914e-01,  3.6914e-01,  ...,  9.7168e-02,
           1.7383e-01,  8.0566e-02],
         [ 1.7773e-01,  1.3281e-01,  1.3281e-01,  ..., -9.7046e-03,
          -7.4863e-05,  6.9824e-02]],

        [[ 1.1875e+00,  1.3125e+00,  1.3125e+00,  ...,  1.3125e+00,
           1.3125e+00,  7.8516e-01],
         [ 1.5703e+00,  1.8750e+00,  1.8750e+00,  ...,  1.8750e+00,
           1.8750e+00,  9.8438e-01],
         [ 1.5703e+00,  1.8750e+00,  1.8750e+00,  ...,  1.8750e+00,
           1.8750e+00,  9.8438e-01],
         ...,
         [ 1.5703e+00,  1.8750e+00,  1.8750e+00,  ...,  9.0625e-01,
           9.1797e-01,  5.5469e-01],
         [ 1.5703e+00,  1.8750e+00,  1.8750e+00,  ...,  8.0859e-01,
           9.8438e-01,  6.4062e-01],
         [ 1.2266e+00,  1.4922e+00,  1.4922e+00,  ...,  6.4062e-01,
           7.9688e-01,  4.2578e-01]],

        [[ 1.9043e-01,  1.7285e-01,  1.7285e-01,  ...,  1.7285e-01,
           1.7285e-01,  1.2598e-01],
         [-2.3242e-01, -5.0000e-01, -5.0000e-01,  ..., -5.0000e-01,
          -5.0000e-01, -3.6914e-01],
         [-2.3242e-01, -5.0000e-01, -5.0000e-01,  ..., -5.0000e-01,
          -5.0000e-01, -3.6914e-01],
         ...,
         [-2.3242e-01, -5.0000e-01, -5.0000e-01,  ..., -7.0703e-01,
          -5.5469e-01, -3.5352e-01],
         [-2.3242e-01, -5.0000e-01, -5.0000e-01,  ..., -5.3516e-01,
          -4.5508e-01, -2.6172e-01],
         [-4.4922e-01, -7.6953e-01, -7.6953e-01,  ..., -4.7852e-01,
          -4.7461e-01, -3.2812e-01]],

        ...,

        [[ 1.4258e-01,  1.0986e-01,  1.0986e-01,  ...,  1.0986e-01,
           1.0986e-01,  1.3867e-01],
         [ 5.4688e-01,  5.5078e-01,  5.5078e-01,  ...,  5.5078e-01,
           5.5078e-01,  4.2969e-01],
         [ 5.4688e-01,  5.5078e-01,  5.5078e-01,  ...,  5.5078e-01,
           5.5078e-01,  4.2969e-01],
         ...,
         [ 5.4688e-01,  5.5078e-01,  5.5078e-01,  ...,  1.5332e-01,
           1.7480e-01,  5.2246e-02],
         [ 5.4688e-01,  5.5078e-01,  5.5078e-01,  ...,  3.8330e-02,
           8.2031e-02,  3.5156e-02],
         [ 4.7852e-01,  6.5234e-01,  6.5234e-01,  ...,  4.2236e-02,
           1.1719e-01,  1.2793e-01]],

        [[-5.2344e-01, -4.1211e-01, -4.1211e-01,  ..., -4.1211e-01,
          -4.1211e-01, -1.8066e-01],
         [-6.4844e-01, -1.8750e-01, -1.8750e-01,  ..., -1.8750e-01,
          -1.8750e-01,  1.8945e-01],
         [-6.4844e-01, -1.8750e-01, -1.8750e-01,  ..., -1.8750e-01,
          -1.8750e-01,  1.8945e-01],
         ...,
         [-6.4844e-01, -1.8750e-01, -1.8750e-01,  ..., -1.4258e-01,
          -1.5039e-01,  1.1368e-03],
         [-6.4844e-01, -1.8750e-01, -1.8750e-01,  ..., -2.7930e-01,
          -2.4609e-01, -1.0791e-01],
         [-3.4180e-01,  2.5195e-01,  2.5195e-01,  ...,  5.5542e-03,
          -7.6599e-03,  1.6113e-02]],

        [[ 7.6172e-01,  5.3516e-01,  5.3516e-01,  ...,  5.3516e-01,
           5.3516e-01,  7.5195e-02],
         [ 1.3359e+00,  9.1406e-01,  9.1406e-01,  ...,  9.1406e-01,
           9.1406e-01,  4.8584e-02],
         [ 1.3359e+00,  9.1406e-01,  9.1406e-01,  ...,  9.1406e-01,
           9.1406e-01,  4.8584e-02],
         ...,
         [ 1.3359e+00,  9.1406e-01,  9.1406e-01,  ...,  3.3789e-01,
           3.9648e-01,  5.4443e-02],
         [ 1.3359e+00,  9.1406e-01,  9.1406e-01,  ...,  4.0039e-01,
           4.4922e-01,  8.1543e-02],
         [ 8.5938e-01,  5.1953e-01,  5.1953e-01,  ...,  1.2109e-01,
           1.4844e-01, -3.2471e-02]]])
tensor([[[ 0.3262,  0.0391,  0.0391,  ...,  0.0391,  0.0391, -0.0212],
         [ 0.5039,  0.3691,  0.3691,  ...,  0.3691,  0.3691,  0.4258],
         [ 0.5039,  0.3691,  0.3691,  ...,  0.3691,  0.3691,  0.4258],
         ...,
         [ 0.5039,  0.3691,  0.3691,  ...,  0.3691,  0.3691,  0.4258],
         [ 0.5039,  0.3691,  0.3691,  ...,  0.3691,  0.3691,  0.4258],
         [ 0.1777,  0.1328,  0.1328,  ...,  0.1328,  0.1328,  0.2969]],

        [[ 1.1875,  1.3125,  1.3125,  ...,  1.3125,  1.3125,  0.7852],
         [ 1.5703,  1.8750,  1.8750,  ...,  1.8750,  1.8750,  0.9844],
         [ 1.5703,  1.8750,  1.8750,  ...,  1.8750,  1.8750,  0.9844],
         ...,
         [ 1.5703,  1.8750,  1.8750,  ...,  1.8750,  1.8750,  0.9844],
         [ 1.5703,  1.8750,  1.8750,  ...,  1.8750,  1.8750,  0.9844],
         [ 1.2266,  1.4922,  1.4922,  ...,  1.4922,  1.4922,  0.7344]],

        [[ 0.1904,  0.1729,  0.1729,  ...,  0.1729,  0.1729,  0.1260],
         [-0.2324, -0.5000, -0.5000,  ..., -0.5000, -0.5000, -0.3691],
         [-0.2324, -0.5000, -0.5000,  ..., -0.5000, -0.5000, -0.3691],
         ...,
         [-0.2324, -0.5000, -0.5000,  ..., -0.5000, -0.5000, -0.3691],
         [-0.2324, -0.5000, -0.5000,  ..., -0.5000, -0.5000, -0.3691],
         [-0.4492, -0.7695, -0.7695,  ..., -0.7695, -0.7695, -0.5469]],

        ...,

        [[ 0.1426,  0.1099,  0.1099,  ...,  0.1099,  0.1099,  0.1387],
         [ 0.5469,  0.5508,  0.5508,  ...,  0.5508,  0.5508,  0.4297],
         [ 0.5469,  0.5508,  0.5508,  ...,  0.5508,  0.5508,  0.4297],
         ...,
         [ 0.5469,  0.5508,  0.5508,  ...,  0.5508,  0.5508,  0.4297],
         [ 0.5469,  0.5508,  0.5508,  ...,  0.5508,  0.5508,  0.4297],
         [ 0.4785,  0.6523,  0.6523,  ...,  0.6523,  0.6523,  0.5273]],

        [[-0.5234, -0.4121, -0.4121,  ..., -0.4121, -0.4121, -0.1807],
         [-0.6484, -0.1875, -0.1875,  ..., -0.1875, -0.1875,  0.1895],
         [-0.6484, -0.1875, -0.1875,  ..., -0.1875, -0.1875,  0.1895],
         ...,
         [-0.6484, -0.1875, -0.1875,  ..., -0.1875, -0.1875,  0.1895],
         [-0.6484, -0.1875, -0.1875,  ..., -0.1875, -0.1875,  0.1895],
         [-0.3418,  0.2520,  0.2520,  ...,  0.2520,  0.2520,  0.4531]],

        [[ 0.7617,  0.5352,  0.5352,  ...,  0.5352,  0.5352,  0.0752],
         [ 1.3359,  0.9141,  0.9141,  ...,  0.9141,  0.9141,  0.0486],
         [ 1.3359,  0.9141,  0.9141,  ...,  0.9141,  0.9141,  0.0486],
         ...,
         [ 1.3359,  0.9141,  0.9141,  ...,  0.9141,  0.9141,  0.0486],
         [ 1.3359,  0.9141,  0.9141,  ...,  0.9141,  0.9141,  0.0486],
         [ 0.8594,  0.5195,  0.5195,  ...,  0.5195,  0.5195, -0.0361]]])
tensor([[[ 0.3262,  0.0391,  0.0391,  ...,  0.0391,  0.0391, -0.0212],
         [ 0.5039,  0.3691,  0.3691,  ...,  0.3691,  0.3691,  0.4258],
         [ 0.5039,  0.3691,  0.3691,  ...,  0.3691,  0.3691,  0.4258],
         ...,
         [ 0.5039,  0.3691,  0.3691,  ...,  0.3691,  0.3691,  0.4258],
         [ 0.5039,  0.3691,  0.3691,  ...,  0.3691,  0.3691,  0.4258],
         [ 0.1777,  0.1328,  0.1328,  ...,  0.1328,  0.1328,  0.2969]],

        [[ 1.1875,  1.3125,  1.3125,  ...,  1.3125,  1.3125,  0.7852],
         [ 1.5703,  1.8750,  1.8750,  ...,  1.8750,  1.8750,  0.9844],
         [ 1.5703,  1.8750,  1.8750,  ...,  1.8750,  1.8750,  0.9844],
         ...,
         [ 1.5703,  1.8750,  1.8750,  ...,  1.8750,  1.8750,  0.9844],
         [ 1.5703,  1.8750,  1.8750,  ...,  1.8750,  1.8750,  0.9844],
         [ 1.2266,  1.4922,  1.4922,  ...,  1.4922,  1.4922,  0.7344]],

        [[ 0.1904,  0.1729,  0.1729,  ...,  0.1729,  0.1729,  0.1260],
         [-0.2324, -0.5000, -0.5000,  ..., -0.5000, -0.5000, -0.3691],
         [-0.2324, -0.5000, -0.5000,  ..., -0.5000, -0.5000, -0.3691],
         ...,
         [-0.2324, -0.5000, -0.5000,  ..., -0.5000, -0.5000, -0.3691],
         [-0.2324, -0.5000, -0.5000,  ..., -0.5000, -0.5000, -0.3691],
         [-0.4492, -0.7695, -0.7695,  ..., -0.7695, -0.7695, -0.5469]],

        ...,

        [[ 0.1426,  0.1099,  0.1099,  ...,  0.1099,  0.1099,  0.1387],
         [ 0.5469,  0.5508,  0.5508,  ...,  0.5508,  0.5508,  0.4297],
         [ 0.5469,  0.5508,  0.5508,  ...,  0.5508,  0.5508,  0.4297],
         ...,
         [ 0.5469,  0.5508,  0.5508,  ...,  0.5508,  0.5508,  0.4297],
         [ 0.5469,  0.5508,  0.5508,  ...,  0.5508,  0.5508,  0.4297],
         [ 0.4785,  0.6523,  0.6523,  ...,  0.6523,  0.6523,  0.5273]],

        [[-0.5234, -0.4121, -0.4121,  ..., -0.4121, -0.4121, -0.1807],
         [-0.6484, -0.1875, -0.1875,  ..., -0.1875, -0.1875,  0.1895],
         [-0.6484, -0.1875, -0.1875,  ..., -0.1875, -0.1875,  0.1895],
         ...,
         [-0.6484, -0.1875, -0.1875,  ..., -0.1875, -0.1875,  0.1895],
         [-0.6484, -0.1875, -0.1875,  ..., -0.1875, -0.1875,  0.1895],
         [-0.3418,  0.2520,  0.2520,  ...,  0.2520,  0.2520,  0.4531]],

        [[ 0.7617,  0.5352,  0.5352,  ...,  0.5352,  0.5352,  0.0752],
         [ 1.3359,  0.9141,  0.9141,  ...,  0.9141,  0.9141,  0.0486],
         [ 1.3359,  0.9141,  0.9141,  ...,  0.9141,  0.9141,  0.0486],
         ...,
         [ 1.3359,  0.9141,  0.9141,  ...,  0.9141,  0.9141,  0.0486],
         [ 1.3359,  0.9141,  0.9141,  ...,  0.9141,  0.9141,  0.0486],
         [ 0.8594,  0.5195,  0.5195,  ...,  0.5195,  0.5195, -0.0361]]])
