9.429367065429688
9.502021789550781
9.58579158782959
9.677032470703125
9.751056671142578
9.865533828735352
9.995009422302246
10.14704704284668
10.326970100402832
10.461416244506836
10.350540161132812
10.353815078735352
10.365922927856445
10.368728637695312
10.417388916015625
10.444258689880371
10.447343826293945
10.481161117553711
10.522054672241211
10.568334579467773
10.678399085998535
10.724150657653809
10.844342231750488
10.94935131072998
11.05224609375
11.148383140563965
11.228124618530273
11.319075584411621
11.414667129516602
11.529224395751953
11.644311904907227
11.770357131958008
11.388944625854492
11.61068058013916
11.80256175994873
12.107309341430664
12.340131759643555
12.62948226928711
12.935644149780273
13.273294448852539
13.63198471069336
14.064414978027344
14.481958389282227
14.880037307739258
15.234268188476562
15.591606140136719
15.850460052490234
16.10729217529297
16.36119842529297
16.598613739013672
16.860881805419922
17.159130096435547
17.427692413330078
17.71204948425293
18.03073501586914
18.34246063232422
18.65062713623047
18.939050674438477
19.202089309692383
19.4464111328125
19.707719802856445
19.985382080078125
20.000537872314453
19.9801025390625
19.994178771972656
19.992748260498047
20.011333465576172
19.988845825195312
20.00699806213379
19.99847412109375
20.033435821533203
19.996387481689453
20.035329818725586
20.01254653930664
20.02541732788086
20.04426383972168
20.001163482666016
20.033992767333984
20.028644561767578
20.003681182861328
20.02972412109375
20.03044891357422
20.056760787963867
20.015331268310547
20.043216705322266
20.056591033935547
20.039413452148438
20.037904739379883
20.057180404663086
20.060287475585938
20.069917678833008
20.190654754638672
20.169174194335938
20.201332092285156
20.201801300048828
20.212379455566406
20.212345123291016
20.213092803955078
20.206932067871094
20.223098754882812
20.21442985534668
20.217086791992188
20.214338302612305
20.21962547302246
20.217063903808594
20.215011596679688
20.209327697753906
20.20914077758789
20.209461212158203
20.210491180419922
20.207969665527344
20.207172393798828
20.215051651000977
20.230194091796875
20.216142654418945
20.214487075805664
20.22031021118164
20.217445373535156
20.218494415283203
20.221572875976562
20.22594451904297
20.215200424194336
20.22023582458496
20.218700408935547
20.225364685058594
20.225801467895508
20.222606658935547
20.221145629882812
20.215526580810547
20.214767456054688
20.209068298339844
20.209453582763672
20.20892333984375
20.214649200439453
20.212265014648438
20.213485717773438
20.20974349975586
20.221099853515625
20.2216796875
20.221107482910156
20.2243709564209
20.237651824951172
20.226879119873047
20.23428726196289
20.234254837036133
20.231653213500977
20.22960662841797
20.228605270385742
20.230356216430664
20.227752685546875
20.22444725036621
20.219253540039062
20.221073150634766
20.220544815063477
20.215923309326172
20.218732833862305
20.219425201416016
20.22043228149414
20.225088119506836
20.210596084594727
20.216060638427734
20.216297149658203
20.21230697631836
20.2099552154541
20.216564178466797
20.216604232788086
20.22232437133789
20.23104476928711
20.218488693237305
20.222545623779297
20.227252960205078
20.215600967407227
