10000000
20804000
21020000
22004000
23100000
23800000
22800000
21800000
31200000
D8274000
60000000
482A8000
58C34008
76E58000
80000000
BF000000
10000000
20804000
21020000
22004000
23100000
23800000
22800000
21800000
31200000
D827A800
60000000
482AE800
58C34008
76E8C000
80000000
BF000000
10000000
20804000
21020000
22004000
23100000
23800000
22800000
21800000
31200000
D8281000
60000000
482B5000
58C34008
76EC0000
80000000
BF000000
10000000
20804000
21020000
22004000
23100000
23800000
22800000
21800000
31200000
D8287800
60000000
482BB800
58C34008
76EF4000
80000000
BF000000
10000000
20804000
21020000
22004000
23100000
23800000
22800000
21800000
31200000
D828E000
60000000
482C2000
58C34008
76F28000
80000000
BF000000
10000000
20804000
21020000
22004000
23100000
23800000
22800000
21800000
31200000
D8294800
60000000
482C8800
58C34008
76F5C000
80000000
BF000000
10000000
20804000
21020000
22004000
23100000
23800000
22800000
21800000
31200000
D829B000
60000000
482CF000
58414000
76F90000
80000000
BF000000
10000000
20804000
21020000
22004000
23100000
23800000
22800000
21800000
31200000
D82A1800
60000000
482D5800
58414000
76FC4000
80000000
BF000000
C7004000
10000000
20804000
21100000
22004000
23020000
23800000
22800000
21800000
31200000
D8274000
682A8000
46FF8000
59434008
782DC000
80000000
BF000000
10000000
20804000
21100000
22004000
23020000
23800000
22800000
21800000
31200000
D827A800
682AE800
4702C000
59434008
782FC000
80000000
BF000000
10000000
20804000
21100000
22004000
23020000
23800000
22800000
21800000
31200000
D8281000
682B5000
47060000
59434008
7831C000
80000000
BF000000
10000000
20804000
21100000
22004000
23020000
23800000
22800000
21800000
31200000
D8287800
682BB800
47094000
59434008
7833C000
80000000
BF000000
10000000
20804000
21100000
22004000
23020000
23800000
22800000
21800000
31200000
D828E000
682C2000
470C8000
59434008
7835C000
80000000
BF000000
10000000
20804000
21100000
22004000
23020000
23800000
22800000
21800000
31200000
D8294800
682C8800
470FC000
59434008
7837C000
80000000
BF000000
10000000
20804000
21100000
22004000
23020000
23800000
22800000
21800000
31200000
D829B000
682CF000
47130000
59434008
7839C000
80000000
BF000000
10000000
20804000
21100000
22004000
23020000
23800000
22800000
21800000
31200000
D82A1800
682D5800
47164000
59434008
783BC000
80000000
BF000000
10000000
20804000
21100000
22004000
23100000
23800000
22800000
21800000
31340000
D80D4000
60000000
46E58000
58A34030
76B18000
80000000
BF000000
10000000
20804000
21100000
22004000
23100000
23800000
22800000
21800000
31340000
D8108000
60000000
46E8C000
58A34030
76B4C000
80000000
BF000000
10000000
20804000
21100000
22004000
23100000
23800000
22800000
21800000
31340000
D813C000
60000000
46EC0000
58A34030
76B80000
80000000
BF000000
10000000
20804000
21100000
22004000
23100000
23800000
22800000
21800000
31340000
D8170000
60000000
46EF4000
58A34030
76BB4000
80000000
BF000000
10000000
20804000
21100000
22004000
23100000
23800000
22800000
21800000
31340000
D81A4000
60000000
46F28000
58A34030
76BE8000
80000000
BF000000
10000000
20804000
21100000
22004000
23100000
23800000
22800000
21800000
31340000
D81D8000
60000000
46F5C000
58A34030
76C1C000
80000000
BF000000
10000000
20804000
21100000
22004000
23100000
23800000
22800000
21800000
31340000
D820C000
60000000
46F90000
58A34030
76C50000
80000000
BF000000
10000000
20804000
21100000
22004000
23100000
23800000
22800000
21800000
31340000
D8240000
60000000
46FC4000
58A34030
76C84000
80000000
BF000000
10000000
20804000
21100000
22004000
23100000
23800000
22800000
21800000
31340000
D8108000
66E8C000
46CEC000
59234030
78CDC000
80000000
BF000000
10000000
20804000
21100000
22004000
23100000
23800000
22800000
21800000
31340000
D813C000
66EC0000
46D20000
59234030
795DC000
80000000
BF000000
10000000
20804000
21100000
22004000
23100000
23800000
22800000
21800000
31340000
D8170000
66EF4000
46D54000
59234030
79EDC000
80000000
BF000000
10000000
20804000
21100000
22004000
23100000
23800000
22800000
21800000
31340000
D81A4000
66F28000
46D88000
59234030
7A7DC000
80000000
BF000000
10000000
20804000
21100000
22004000
23100000
23800000
22800000
21800000
31340000
D81D8000
66F5C000
46DBC000
59234030
7B0DC000
80000000
BF000000
10000000
20804000
21100000
22004000
23100000
23800000
22800000
21800000
31340000
D820C000
66F90000
46DF0000
59234030
7B9DC000
80000000
BF000000
10000000
20804000
21100000
22004000
23100000
23800000
22800000
21800000
31340000
D8240000
66FC4000
46E24000
59234030
7C2DC000
80000000
BF000000
10000000
20804000
21100000
22004000
23080000
23800000
22800000
21800000
31D40000
D7F34000
60000000
46B18000
58A34030
76978000
80000000
BF000000
10000000
20804000
21100000
22004000
23080000
23800000
22800000
21800000
31D40000
D7F68000
60000000
46B4C000
58A34030
76992000
80000000
BF000000
10000000
20804000
21100000
22004000
23080000
23800000
22800000
21800000
31D40000
D7F9C000
60000000
46B80000
58A34030
80000000
BF000000
10000000
20804000
21100000
22004000
23080000
23800000
22800000
21800000
31D40000
D7FD0000
60000000
46BB4000
58A34030
769C6000
80000000
BF000000
10000000
20804000
21100000
22004000
23080000
23800000
22800000
21800000
31D40000
D8004000
60000000
46BE8000
58A34030
769E0000
80000000
BF000000
10000000
20804000
21100000
22004000
23080000
23800000
22800000
21800000
31D40000
D8038000
60000000
46C1C000
58A34030
769FA000
80000000
BF000000
10000000
20804000
21100000
22004000
23080000
23800000
22800000
21800000
31D40000
D806C000
60000000
46C50000
58A34030
76A14000
80000000
BF000000
10000000
20804000
21100000
22004000
23080000
23800000
22800000
21800000
31D40000
D80A0000
60000000
46C84000
58A34030
76A2E000
80000000
BF000000
C7004000
10000000
20804000
21080000
22004000
23100000
23800000
22800000
21800000
31D40000
D7F34000
66B18000
46A48000
59234030
7CBDC000
80000000
BF000000
10000000
20804000
21080000
22004000
23100000
23800000
22800000
21800000
31D40000
D7F68000
66B4C000
46A62000
59234030
7D05C000
80000000
BF000000
10000000
20804000
21080000
22004000
23100000
23800000
22800000
21800000
31D40000
D7F9C000
66B80000
46A7C000
59234030
7D4DC000
80000000
BF000000
10000000
20804000
21080000
22004000
23100000
23800000
22800000
21800000
31D40000
D7FD0000
66BB4000
46A96000
59234030
7D95C000
80000000
BF000000
10000000
20804000
21080000
22004000
23100000
23800000
22800000
21800000
31D40000
D8004000
66BE8000
46AB0000
59234030
7DDDC000
80000000
BF000000
10000000
20804000
21080000
22004000
23100000
23800000
22800000
21800000
31D40000
D8038000
66C1C000
46ACA000
59234030
7E25C000
80000000
BF000000
10000000
20804000
21080000
22004000
23100000
23800000
22800000
21800000
31D40000
D806C000
66C50000
46AE4000
59234030
7E6DC000
80000000
BF000000
10000000
20804000
21080000
22004000
23100000
23800000
22800000
21800000
31D40000
D80A0000
66C84000
46AFE000
59234030
7EB5C000
80000000
BF000000
10000000
20804000
21080000
22004000
23040000
23800000
22800000
21800000
32240000
D7E64000
60000000
46978000
58A34030
76770000
80000000
BF000000
10000000
20804000
21080000
22004000
23040000
23800000
22800000
21800000
32240000
D7E7E000
60000000
46992000
58A34030
7677D000
80000000
BF000000
10000000
20804000
21080000
22004000
23040000
23800000
22800000
21800000
32240000
D7E98000
60000000
469AC000
58A34030
7678A000
80000000
BF000000
10000000
20804000
21080000
22004000
23040000
23800000
22800000
21800000
32240000
D7EB2000
60000000
469C6000
58A34030
76797000
80000000
BF000000
10000000
20804000
21080000
22004000
23040000
23800000
22800000
21800000
32240000
D7ECC000
60000000
469E0000
58A34030
767A4000
80000000
BF000000
10000000
20804000
21080000
22004000
23040000
23800000
22800000
21800000
32240000
D7EE6000
60000000
469FA000
58A34030
767B1000
80000000
BF000000
10000000
20804000
21080000
22004000
23040000
23800000
22800000
21800000
32240000
D7F00000
60000000
46A14000
58A34030
767BE000
80000000
BF000000
10000000
20804000
21080000
22004000
23040000
23800000
22800000
21800000
32240000
D7F1A000
60000000
46A2E000
58A34030
767CB000
80000000
BF000000
C7004000
10000000
20804000
21040000
22004000
23080000
23800000
22800000
21800000
32240000
D7E64000
66978000
46910000
59234030
7EFDC000
80000000
BF000000
10000000
20804000
21040000
22004000
23080000
23800000
22800000
21800000
32240000
D7E7E000
66992000
4691D000
59234030
7F0FC000
80000000
BF000000
10000000
20804000
21040000
22004000
23080000
23800000
22800000
21800000
32240000
D7E98000
669AC000
4692A000
59234030
7F21C000
80000000
BF000000
10000000
20804000
21040000
22004000
23080000
23800000
22800000
21800000
32240000
D7EB2000
669C6000
46937000
59234030
7F33C000
80000000
BF000000
10000000
20804000
21040000
22004000
23080000
23800000
22800000
21800000
32240000
D7ECC000
669E0000
46944000
59234030
7F45C000
80000000
BF000000
10000000
20804000
21040000
22004000
23080000
23800000
22800000
21800000
32240000
D7EE6000
669FA000
46951000
59234030
7F57C000
80000000
BF000000
10000000
20804000
21040000
22004000
23080000
23800000
22800000
21800000
32240000
D7F00000
66A14000
4695E000
59234030
7F69C000
80000000
BF000000
10000000
20804000
21040000
22004000
23080000
23800000
22800000
21800000
32240000
D7F1A000
66A2E000
59234030
7F7BC000
80000000
BF000000
10000000
20804000
21040000
22004000
23020000
23800000
22800000
21800000
32380000
D7DFC000
60000000
46770000
58A34070
76360000
80000000
BF000000
10000000
20804000
21040000
22004000
23020000
23800000
22800000
21800000
32380000
D7E09000
60000000
4677D000
58A34070
7637A000
80000000
BF000000
10000000
20804000
21040000
22004000
23020000
23800000
22800000
21800000
32380000
D7E16000
60000000
4678A000
58A34070
76394000
80000000
BF000000
10000000
20804000
21040000
22004000
23020000
23800000
22800000
21800000
32380000
D7E23000
60000000
46797000
58A34070
763AE000
80000000
BF000000
10000000
20804000
21040000
22004000
23020000
23800000
22800000
21800000
32380000
D7E30000
60000000
467A4000
58A34070
763C8000
80000000
BF000000
10000000
20804000
21040000
22004000
23020000
23800000
22800000
21800000
32380000
D7E3D000
60000000
467B1000
58A34070
763E2000
80000000
BF000000
10000000
20804000
21040000
22004000
23020000
23800000
22800000
21800000
32380000
D7E4A000
60000000
467BE000
58A34070
763FC000
80000000
BF000000
10000000
20804000
21040000
22004000
23020000
23800000
22800000
21800000
32380000
D7E57000
60000000
467CB000
58A34070
76416000
80000000
BF000000
C7004000
10000000
20804000
21020000
22004000
23040000
23800000
22800000
21800000
32380000
D7DFC000
66770000
466A0000
59234070
7F8DC000
80000000
BF000000
10000000
20804000
21020000
22004000
23040000
23800000
22800000
21800000
32380000
D7E09000
6677D000
466BA000
59234070
7F924000
80000000
BF000000
10000000
20804000
21020000
22004000
23040000
23800000
22800000
21800000
32380000
D7E16000
6678A000
466D4000
59234070
7F96C000
80000000
BF000000
10000000
20804000
21020000
22004000
23040000
23800000
22800000
21800000
32380000
D7E23000
66797000
466EE000
59234070
7F9B4000
80000000
BF000000
10000000
20804000
21020000
22004000
23040000
23800000
22800000
21800000
32380000
D7E30000
667A4000
46708000
59234070
7F9FC000
80000000
BF000000
10000000
20804000
21020000
22004000
23040000
23800000
22800000
21800000
32380000
D7E3D000
667B1000
46722000
59234070
7FA44000
80000000
BF000000
10000000
20804000
21020000
22004000
23040000
23800000
22800000
21800000
32380000
D7E4A000
667BE000
4673C000
59234070
7FA8C000
80000000
BF000000
10000000
20804000
21020000
22004000
23040000
23800000
22800000
21800000
32380000
D7E57000
667CB000
46756000
59234070
7FAD4000
80000000
BF000000
10000000
20804000
21020000
22010000
23010000
23800000
22800000
21800000
323D0000
D7D2C000
60000000
46360000
58A34070
75B40000
80000000
BF000000
10000000
20804000
21020000
22010000
23010000
23800000
22800000
21800000
323D0000
D7D46000
60000000
4637A000
58A34070
75B74000
80000000
BF000000
10000000
20804000
21020000
22010000
23010000
23800000
22800000
21800000
323D0000
D7D60000
60000000
46394000
58A34070
75BA8000
80000000
BF000000
10000000
20804000
21020000
22010000
23010000
23800000
22800000
21800000
323D0000
D7D7A000
60000000
463AE000
58A34070
75BDC000
80000000
BF000000
10000000
20804000
21020000
22010000
23010000
23800000
22800000
21800000
323D0000
D7D94000
60000000
463C8000
58A34070
75C10000
80000000
BF000000
10000000
20804000
21020000
22010000
23010000
23800000
22800000
21800000
323D0000
D7DAE000
60000000
463E2000
58A34070
75C44000
80000000
BF000000
10000000
20804000
21020000
22010000
23010000
23800000
22800000
21800000
323D0000
D7DC8000
60000000
463FC000
58A34070
75C78000
80000000
BF000000
10000000
20804000
21020000
22010000
23010000
23800000
22800000
21800000
323D0000
D7DE2000
60000000
46416000
58A34070
75CAC000
80000000
BF000000
C7004000
10000000
20804000
21010000
22010000
23020000
23800000
22800000
21800000
323D0000
D7D2C000
66360000
461C0000
59234070
7FB1C000
80000000
BF000000
10000000
20804000
21010000
22010000
23020000
23800000
22800000
21800000
323D0000
D7D46000
6637A000
461F4000
59234070
7FB2E000
80000000
BF000000
10000000
20804000
21010000
22010000
23020000
23800000
22800000
21800000
323D0000
D7D60000
66394000
46228000
59234070
7FB40000
80000000
BF000000
10000000
20804000
21010000
22010000
23020000
23800000
22800000
21800000
323D0000
D7D7A000
663AE000
4625C000
59234070
7FB52000
80000000
BF000000
10000000
20804000
21010000
22010000
23020000
23800000
22800000
21800000
323D0000
D7D94000
663C8000
46290000
59234070
7FB64000
80000000
BF000000
10000000
20804000
21010000
22010000
23020000
23800000
22800000
21800000
323D0000
D7DAE000
663E2000
462C4000
59234070
7FB76000
80000000
BF000000
10000000
20804000
21010000
22010000
23020000
23800000
22800000
21800000
323D0000
D7DC8000
663FC000
462F8000
59234070
7FB88000
80000000
BF000000
10000000
20804000
21010000
22010000
23020000
23800000
22800000
21800000
323D0000
D7DE2000
66416000
4632C000
59234070
7FB9A000
80000000
BF000000
10000000
20804000
21010000
22040000
23008000
23800000
22800000
21800000
323E4000
D7B8C000
60000000
45B40000
58A34070
74B00000
80000000
BF000000
10000000
20804000
21010000
22040000
23008000
23800000
22800000
21800000
323E4000
D7BC0000
60000000
45B74000
58A34070
74B68000
80000000
BF000000
10000000
20804000
21010000
22040000
23008000
23800000
22800000
21800000
323E4000
D7BF4000
60000000
45BA8000
58A34070
74BD0000
80000000
BF000000
10000000
20804000
21010000
22040000
23008000
23800000
22800000
21800000
323E4000
D7C28000
60000000
45BDC000
58A34070
74C38000
80000000
BF000000
10000000
20804000
21010000
22040000
23008000
23800000
22800000
21800000
323E4000
D7C5C000
60000000
45C10000
58A34070
74CA0000
80000000
BF000000
10000000
20804000
21010000
22040000
23008000
23800000
22800000
21800000
323E4000
D7C90000
60000000
45C44000
58A34070
74D08000
80000000
BF000000
10000000
20804000
21010000
22040000
23008000
23800000
22800000
21800000
323E4000
D7CC4000
60000000
45C78000
58A34070
74D70000
80000000
BF000000
10000000
20804000
21010000
22040000
23008000
23800000
22800000
21800000
323E4000
D7CF8000
60000000
45CAC000
58A34070
74DD8000
80000000
BF000000
C7004000
10000000
20804000
21008000
22040000
23010000
23800000
22800000
21800000
323E4000
D7B8C000
65B40000
45800000
59234070
7FBAC000
80000000
BF000000
10000000
20804000
21008000
22040000
23010000
23800000
22800000
21800000
323E4000
D7BC0000
65B74000
45868000
59234070
7FBB0800
80000000
BF000000
10000000
20804000
21008000
22040000
23010000
23800000
22800000
21800000
323E4000
D7BF4000
65BA8000
458D0000
59234070
7FBB5000
80000000
BF000000
10000000
20804000
21008000
22040000
23010000
23800000
22800000
21800000
323E4000
D7C28000
65BDC000
45938000
59234070
7FBB9800
80000000
BF000000
10000000
20804000
21008000
22040000
23010000
23800000
22800000
21800000
323E4000
D7C5C000
65C10000
459A0000
59234070
7FBBE000
80000000
BF000000
10000000
20804000
21008000
22040000
23010000
23800000
22800000
21800000
323E4000
D7C90000
65C44000
45A08000
59234070
7FBC2800
80000000
BF000000
10000000
20804000
21008000
22040000
23010000
23800000
22800000
21800000
323E4000
D7CC4000
65C78000
45A70000
59234070
7FBC7000
80000000
BF000000
10000000
20804000
21008000
22040000
23010000
23800000
22800000
21800000
323E4000
D7CF8000
65CAC000
45AD8000
59234070
7FBCB800
80000000
BF000000
10000000
20804000
21008000
22100000
23004000
23800000
22800000
21800000
323E9000
D784C000
60000000
44B00000
58A34070
73E00000
80000000
BF000000
10000000
20804000
21008000
22100000
23004000
23800000
22800000
21800000
323E9000
D78B4000
60000000
44B68000
58A34070
73ED0000
80000000
BF000000
10000000
20804000
21008000
22100000
23004000
23800000
22800000
21800000
323E9000
D791C000
60000000
44BD0000
58A34070
73FA0000
80000000
BF000000
10000000
20804000
21008000
22100000
23004000
23800000
22800000
21800000
323E9000
D7984000
60000000
44C38000
58A34070
74070000
80000000
BF000000
10000000
20804000
21008000
22100000
23004000
23800000
22800000
21800000
323E9000
D79EC000
60000000
44CA0000
58A34070
74140000
80000000
BF000000
10000000
20804000
21008000
22100000
23004000
23800000
22800000
21800000
323E9000
D7A54000
60000000
44D08000
58A34070
74210000
80000000
BF000000
10000000
20804000
21008000
22100000
23004000
23800000
22800000
21800000
323E9000
D7ABC000
60000000
44D70000
58A34070
742E0000
80000000
BF000000
10000000
20804000
21008000
22100000
23004000
23800000
22800000
21800000
323E9000
D7B24000
60000000
44DD8000
58A34070
743B0000
80000000
BF000000
C7004000
10000000
20804000
21004000
22100000
23008000
23800000
22800000
21800000
323E9000
D784C000
64B00000
44480000
59234070
7FBD0000
80000000
BF000000
10000000
20804000
21004000
22100000
23008000
23800000
22800000
21800000
323E9000
D78B4000
64B68000
44550000
59234070
7FBD1200
80000000
BF000000
10000000
20804000
21004000
22100000
23008000
23800000
22800000
21800000
323E9000
D791C000
64BD0000
44620000
59234070
7FBD2400
80000000
BF000000
10000000
20804000
21004000
22100000
23008000
23800000
22800000
21800000
323E9000
D7984000
64C38000
446F0000
59234070
7FBD3600
80000000
BF000000
10000000
20804000
21004000
22100000
23008000
23800000
22800000
21800000
323E9000
D79EC000
64CA0000
447C0000
59234070
7FBD4800
80000000
BF000000
10000000
20804000
21004000
22100000
23008000
23800000
22800000
21800000
323E9000
D7A54000
64D08000
44890000
59234070
7FBD5A00
80000000
BF000000
10000000
20804000
21004000
22100000
23008000
23800000
22800000
21800000
323E9000
D7ABC000
64D70000
44960000
59234070
7FBD6C00
80000000
BF000000
10000000
20804000
21004000
22100000
23008000
23800000
22800000
21800000
323E9000
D7B24000
64DD8000
44A30000
59234070
7FBD7E00
80000000
BF000000
10000000
20804000
21004000
22400000
23004000
23800000
22800000
21800000
323EA400
D71CC000
63E00000
42400000
59234070
7FBD9000
80000000
BF000000
10000000
20804000
21004000
22400000
23004000
23800000
22800000
21800000
323EA400
D729C000
63ED0000
42740000
59234070
7FBD9900
80000000
BF000000
10000000
20804000
21004000
22400000
23004000
23800000
22800000
21800000
323EA400
D736C000
63FA0000
42A80000
59234070
7FBDA200
80000000
BF000000
10000000
20804000
21004000
22400000
23004000
23800000
22800000
21800000
323EA400
D743C000
64070000
42DC0000
59234070
7FBDAB00
80000000
BF000000
10000000
20804000
21004000
22400000
23004000
23800000
22800000
21800000
323EA400
D750C000
64140000
43100000
59234070
7FBDB400
80000000
BF000000
10000000
20804000
21004000
22400000
23004000
23800000
22800000
21800000
323EA400
D75DC000
64210000
43440000
59234070
7FBDBD00
80000000
BF000000
10000000
20804000
21004000
22400000
23004000
23800000
22800000
21800000
323EA400
D76AC000
642E0000
43780000
59234070
7FBDC600
80000000
BF000000
10000000
20804000
21004000
22400000
23004000
23800000
22800000
21800000
323EA400
D777C000
643B0000
43AC0000
59234070
7FBDCF00
80000000
BF000000
FF800000
