tensor([[[105., 103.,  99.,  ...,   0.,   0.,   0.],
         [104., 105., 101.,  ...,   0.,   0.,   0.],
         [103., 105., 103.,  ...,   0.,   0.,   0.],
         ...,
         [  0.,   0.,   0.,  ...,   0.,   0.,   0.],
         [  0.,   0.,   0.,  ...,   0.,   0.,   0.],
         [  0.,   0.,   0.,  ...,   0.,   0.,   0.]],

        [[104., 103., 100.,  ...,   0.,   0.,   0.],
         [103., 104., 102.,  ...,   0.,   0.,   0.],
         [103., 106., 104.,  ...,   0.,   0.,   0.],
         ...,
         [  0.,   0.,   0.,  ...,   0.,   0.,   0.],
         [  0.,   0.,   0.,  ...,   0.,   0.,   0.],
         [  0.,   0.,   0.,  ...,   0.,   0.,   0.]],

        [[ 21.,  19.,  14.,  ...,   0.,   0.,   0.],
         [ 20.,  21.,  16.,  ...,   0.,   0.,   0.],
         [ 18.,  21.,  18.,  ...,   0.,   0.,   0.],
         ...,
         [  0.,   0.,   0.,  ...,   0.,   0.,   0.],
         [  0.,   0.,   0.,  ...,   0.,   0.,   0.],
         [  0.,   0.,   0.,  ...,   0.,   0.,   0.]]])
tensor([[[ 0.,  0.,  0.,  ...,  0.,  0.,  0.],
         [ 0.,  0.,  0.,  ...,  0.,  0.,  0.],
         [ 0.,  0.,  0.,  ...,  0.,  0.,  0.],
         ...,
         [57., 59., 61.,  ...,  0.,  0.,  0.],
         [67., 71., 74.,  ...,  0.,  0.,  0.],
         [67., 67., 66.,  ...,  0.,  0.,  0.]],

        [[ 0.,  0.,  0.,  ...,  0.,  0.,  0.],
         [ 0.,  0.,  0.,  ...,  0.,  0.,  0.],
         [ 0.,  0.,  0.,  ...,  0.,  0.,  0.],
         ...,
         [57., 59., 62.,  ...,  0.,  0.,  0.],
         [66., 72., 75.,  ...,  0.,  0.,  0.],
         [66., 66., 66.,  ...,  0.,  0.,  0.]],

        [[ 0.,  0.,  0.,  ...,  0.,  0.,  0.],
         [ 0.,  0.,  0.,  ...,  0.,  0.,  0.],
         [ 0.,  0.,  0.,  ...,  0.,  0.,  0.],
         ...,
         [57., 59., 62.,  ...,  0.,  0.,  0.],
         [66., 72., 75.,  ...,  0.,  0.,  0.],
         [66., 67., 67.,  ...,  0.,  0.,  0.]]])
tensor([[[0., 0., 0.,  ..., 0., 0., 0.],
         [0., 0., 0.,  ..., 0., 0., 0.],
         [0., 0., 0.,  ..., 0., 0., 0.],
         ...,
         [0., 0., 0.,  ..., 0., 0., 0.],
         [0., 0., 0.,  ..., 0., 0., 0.],
         [0., 0., 0.,  ..., 0., 0., 0.]],

        [[0., 0., 0.,  ..., 0., 0., 0.],
         [0., 0., 0.,  ..., 0., 0., 0.],
         [0., 0., 0.,  ..., 0., 0., 0.],
         ...,
         [0., 0., 0.,  ..., 0., 0., 0.],
         [0., 0., 0.,  ..., 0., 0., 0.],
         [0., 0., 0.,  ..., 0., 0., 0.]],

        [[0., 0., 0.,  ..., 0., 0., 0.],
         [0., 0., 0.,  ..., 0., 0., 0.],
         [0., 0., 0.,  ..., 0., 0., 0.],
         ...,
         [0., 0., 0.,  ..., 0., 0., 0.],
         [0., 0., 0.,  ..., 0., 0., 0.],
         [0., 0., 0.,  ..., 0., 0., 0.]]])
tensor([[[0., 0., 0.,  ..., 0., 0., 0.],
         [0., 0., 0.,  ..., 0., 0., 0.],
         [0., 0., 0.,  ..., 0., 0., 0.],
         ...,
         [0., 0., 0.,  ..., 0., 0., 0.],
         [0., 0., 0.,  ..., 0., 0., 0.],
         [0., 0., 0.,  ..., 0., 0., 0.]],

        [[0., 0., 0.,  ..., 0., 0., 0.],
         [0., 0., 0.,  ..., 0., 0., 0.],
         [0., 0., 0.,  ..., 0., 0., 0.],
         ...,
         [0., 0., 0.,  ..., 0., 0., 0.],
         [0., 0., 0.,  ..., 0., 0., 0.],
         [0., 0., 0.,  ..., 0., 0., 0.]],

        [[0., 0., 0.,  ..., 0., 0., 0.],
         [0., 0., 0.,  ..., 0., 0., 0.],
         [0., 0., 0.,  ..., 0., 0., 0.],
         ...,
         [0., 0., 0.,  ..., 0., 0., 0.],
         [0., 0., 0.,  ..., 0., 0., 0.],
         [0., 0., 0.,  ..., 0., 0., 0.]]])
tensor([[[ 0.,  0.,  0.,  ...,  0.,  0.,  0.],
         [ 0.,  0.,  0.,  ...,  0.,  0.,  0.],
         [ 0.,  0.,  0.,  ...,  0.,  0.,  0.],
         ...,
         [86., 82., 84.,  ..., 43., 73., 98.],
         [71., 72., 79.,  ..., 62., 77., 72.],
         [78., 69., 61.,  ..., 95., 98., 95.]],

        [[ 0.,  0.,  0.,  ...,  0.,  0.,  0.],
         [ 0.,  0.,  0.,  ...,  0.,  0.,  0.],
         [ 0.,  0.,  0.,  ...,  0.,  0.,  0.],
         ...,
         [79., 73., 75.,  ..., 45., 71., 94.],
         [53., 54., 62.,  ..., 59., 75., 71.],
         [58., 48., 40.,  ..., 93., 96., 93.]],

        [[ 0.,  0.,  0.,  ...,  0.,  0.,  0.],
         [ 0.,  0.,  0.,  ...,  0.,  0.,  0.],
         [ 0.,  0.,  0.,  ...,  0.,  0.,  0.],
         ...,
         [73., 69., 71.,  ..., 34., 63., 87.],
         [53., 54., 62.,  ..., 51., 67., 63.],
         [60., 51., 43.,  ..., 85., 88., 85.]]])
tensor([[[  0.,   0.,   0.,  ...,   0.,   0.,   0.],
         [  0.,   0.,   0.,  ...,   0.,   0.,   0.],
         [  0.,   0.,   0.,  ...,   0.,   0.,   0.],
         ...,
         [  0.,   0.,   0.,  ...,  33.,  44.,  20.],
         [  0.,   0.,   0.,  ...,  33.,  24.,  24.],
         [  0.,   0.,   0.,  ...,  24.,   3.,   7.]],

        [[  0.,   0.,   0.,  ...,   0.,   0.,   0.],
         [  0.,   0.,   0.,  ...,   0.,   0.,   0.],
         [  0.,   0.,   0.,  ...,   0.,   0.,   0.],
         ...,
         [  0.,   0.,   0.,  ..., 142., 158., 119.],
         [  0.,   0.,   0.,  ..., 135., 127., 149.],
         [  0.,   0.,   0.,  ..., 130.,  77., 128.]],

        [[  0.,   0.,   0.,  ...,   0.,   0.,   0.],
         [  0.,   0.,   0.,  ...,   0.,   0.,   0.],
         [  0.,   0.,   0.,  ...,   0.,   0.,   0.],
         ...,
         [  0.,   0.,   0.,  ...,  14.,  29.,   8.],
         [  0.,   0.,   0.,  ...,  11.,  17.,  11.],
         [  0.,   0.,   0.,  ...,   0.,  10.,   2.]]])
tensor([[[0., 0., 0.,  ..., 0., 0., 0.],
         [0., 0., 0.,  ..., 0., 0., 0.],
         [0., 0., 0.,  ..., 0., 0., 0.],
         ...,
         [0., 0., 0.,  ..., 0., 0., 0.],
         [0., 0., 0.,  ..., 0., 0., 0.],
         [0., 0., 0.,  ..., 0., 0., 0.]],

        [[0., 0., 0.,  ..., 0., 0., 0.],
         [0., 0., 0.,  ..., 0., 0., 0.],
         [0., 0., 0.,  ..., 0., 0., 0.],
         ...,
         [0., 0., 0.,  ..., 0., 0., 0.],
         [0., 0., 0.,  ..., 0., 0., 0.],
         [0., 0., 0.,  ..., 0., 0., 0.]],

        [[0., 0., 0.,  ..., 0., 0., 0.],
         [0., 0., 0.,  ..., 0., 0., 0.],
         [0., 0., 0.,  ..., 0., 0., 0.],
         ...,
         [0., 0., 0.,  ..., 0., 0., 0.],
         [0., 0., 0.,  ..., 0., 0., 0.],
         [0., 0., 0.,  ..., 0., 0., 0.]]])
tensor([[[0., 0., 0.,  ..., 0., 0., 0.],
         [0., 0., 0.,  ..., 0., 0., 0.],
         [0., 0., 0.,  ..., 0., 0., 0.],
         ...,
         [0., 0., 0.,  ..., 0., 0., 0.],
         [0., 0., 0.,  ..., 0., 0., 0.],
         [0., 0., 0.,  ..., 0., 0., 0.]],

        [[0., 0., 0.,  ..., 0., 0., 0.],
         [0., 0., 0.,  ..., 0., 0., 0.],
         [0., 0., 0.,  ..., 0., 0., 0.],
         ...,
         [0., 0., 0.,  ..., 0., 0., 0.],
         [0., 0., 0.,  ..., 0., 0., 0.],
         [0., 0., 0.,  ..., 0., 0., 0.]],

        [[0., 0., 0.,  ..., 0., 0., 0.],
         [0., 0., 0.,  ..., 0., 0., 0.],
         [0., 0., 0.,  ..., 0., 0., 0.],
         ...,
         [0., 0., 0.,  ..., 0., 0., 0.],
         [0., 0., 0.,  ..., 0., 0., 0.],
         [0., 0., 0.,  ..., 0., 0., 0.]]])
