tensor([[[-3.0975e-03, -4.2114e-03, -4.6692e-03,  ...,  7.8125e-02,
           7.8125e-02,  7.8125e-02],
         [-8.1177e-03, -6.7749e-03, -7.0190e-03,  ...,  7.8125e-02,
           7.8125e-02,  7.8125e-02],
         [-8.6060e-03, -6.5002e-03, -6.8970e-03,  ...,  7.8125e-02,
           7.8125e-02,  7.8125e-02],
         ...,
         [ 7.8125e-02,  7.8125e-02,  7.8125e-02,  ...,  7.8125e-02,
           7.8125e-02,  7.8125e-02],
         [ 7.8125e-02,  7.8125e-02,  7.8125e-02,  ...,  7.8125e-02,
           7.8125e-02,  7.8125e-02],
         [ 7.8125e-02,  7.8125e-02,  7.8125e-02,  ...,  7.8125e-02,
           7.8125e-02,  7.8125e-02]],

        [[-1.0757e-03, -9.9945e-04, -9.9945e-04,  ..., -5.6152e-03,
          -5.6152e-03, -5.6152e-03],
         [-1.0986e-03, -9.9945e-04, -9.9945e-04,  ..., -5.6152e-03,
          -5.6152e-03, -5.6152e-03],
         [-1.0986e-03, -9.7656e-04, -8.3160e-04,  ..., -5.6152e-03,
          -5.6152e-03, -5.6152e-03],
         ...,
         [-5.6152e-03, -5.6152e-03, -5.6152e-03,  ..., -5.6152e-03,
          -5.6152e-03, -5.6152e-03],
         [-5.6152e-03, -5.6152e-03, -5.6152e-03,  ..., -5.6152e-03,
          -5.6152e-03, -5.6152e-03],
         [-5.6152e-03, -5.6152e-03, -5.6152e-03,  ..., -5.6152e-03,
          -5.6152e-03, -5.6152e-03]],

        [[-9.2697e-04, -1.5106e-03,  1.9043e-02,  ..., -1.3086e-01,
          -1.3086e-01, -1.3086e-01],
         [ 1.3428e-02,  1.9043e-02,  1.9531e-03,  ..., -1.3086e-01,
          -1.3086e-01, -1.3086e-01],
         [ 1.9043e-02,  3.0518e-02, -9.2697e-04,  ..., -1.3086e-01,
          -1.3086e-01, -1.3086e-01],
         ...,
         [-1.3086e-01, -1.3086e-01, -1.3086e-01,  ..., -1.3086e-01,
          -1.3086e-01, -1.3086e-01],
         [-1.3086e-01, -1.3086e-01, -1.3086e-01,  ..., -1.3086e-01,
          -1.3086e-01, -1.3086e-01],
         [-1.3086e-01, -1.3086e-01, -1.3086e-01,  ..., -1.3086e-01,
          -1.3086e-01, -1.3086e-01]],

        ...,

        [[ 3.5352e-01,  3.4180e-01,  3.6133e-01,  ..., -7.3730e-02,
          -7.3730e-02, -7.3730e-02],
         [ 2.4707e-01,  2.5977e-01,  2.4121e-01,  ..., -7.3730e-02,
          -7.3730e-02, -7.3730e-02],
         [ 2.3535e-01,  2.7148e-01,  2.5195e-01,  ..., -7.3730e-02,
          -7.3730e-02, -7.3730e-02],
         ...,
         [-7.3730e-02, -7.3730e-02, -7.3730e-02,  ..., -7.3730e-02,
          -7.3730e-02, -7.3730e-02],
         [-7.3730e-02, -7.3730e-02, -7.3730e-02,  ..., -7.3730e-02,
          -7.3730e-02, -7.3730e-02],
         [-7.3730e-02, -7.3730e-02, -7.3730e-02,  ..., -7.3730e-02,
          -7.3730e-02, -7.3730e-02]],

        [[-1.5640e-03, -3.9978e-03, -2.5330e-03,  ..., -8.1055e-02,
          -8.1055e-02, -8.1055e-02],
         [-1.5640e-03, -5.8746e-04, -3.5095e-03,  ..., -8.1055e-02,
          -8.1055e-02, -8.1055e-02],
         [-2.0447e-03, -9.7752e-05, -2.0447e-03,  ..., -8.1055e-02,
          -8.1055e-02, -8.1055e-02],
         ...,
         [-8.1055e-02, -8.1055e-02, -8.1055e-02,  ..., -8.1055e-02,
          -8.1055e-02, -8.1055e-02],
         [-8.1055e-02, -8.1055e-02, -8.1055e-02,  ..., -8.1055e-02,
          -8.1055e-02, -8.1055e-02],
         [-8.1055e-02, -8.1055e-02, -8.1055e-02,  ..., -8.1055e-02,
          -8.1055e-02, -8.1055e-02]],

        [[ 1.6797e-01,  1.6016e-01,  1.7480e-01,  ..., -8.3984e-02,
          -8.3984e-02, -8.3984e-02],
         [ 1.7480e-01,  1.8945e-01,  1.6797e-01,  ..., -8.3984e-02,
          -8.3984e-02, -8.3984e-02],
         [ 1.7480e-01,  1.9629e-01,  1.8164e-01,  ..., -8.3984e-02,
          -8.3984e-02, -8.3984e-02],
         ...,
         [-8.3984e-02, -8.3984e-02, -8.3984e-02,  ..., -8.3984e-02,
          -8.3984e-02, -8.3984e-02],
         [-8.3984e-02, -8.3984e-02, -8.3984e-02,  ..., -8.3984e-02,
          -8.3984e-02, -8.3984e-02],
         [-8.3984e-02, -8.3984e-02, -8.3984e-02,  ..., -8.3984e-02,
          -8.3984e-02, -8.3984e-02]]])
